2.347445311800000191e+09
2.323687365400000095e+09
2.295997743400000095e+09
2.246642632800000191e+09
2.188641648599999905e+09
2.167721905800000191e+09
2.151182949800000191e+09
2.135797288599999905e+09
2.113705859599999905e+09
2.077436943599999905e+09
2.072507105599999905e+09
2.054648450000000000e+09
2.047286437799999952e+09
2.042676094200000048e+09
2.029742061000000000e+09
2.021536911000000000e+09
2.009162644799999952e+09
2.001429123599999905e+09
1.996931361799999952e+09
1.985195798000000000e+09
1.984218107200000048e+09
1.975547446000000000e+09
1.966494802200000048e+09
1.962306410000000000e+09
1.959756603599999905e+09
1.956338213400000095e+09
1.956338213400000095e+09
1.956036912000000000e+09
1.951131663000000000e+09
1.948469930000000000e+09
1.945929747400000095e+09
1.944856860400000095e+09
1.941497550400000095e+09
1.940553345400000095e+09
1.939932895599999905e+09
1.939610614000000000e+09
1.937629180200000048e+09
1.935836016599999905e+09
1.934407270799999952e+09
1.933492750400000095e+09
1.932455716400000095e+09
1.931918169400000095e+09
1.931499308599999905e+09
1.929758276799999952e+09
1.929758276799999952e+09
1.928016650000000000e+09
1.927699674799999952e+09
1.927675831200000048e+09
1.925268450400000095e+09
1.924892869000000000e+09
1.924656779799999952e+09
1.924451392400000095e+09
1.923652507200000048e+09
1.923533234400000095e+09
1.922293486599999905e+09
1.920379467200000048e+09
1.920379467200000048e+09
1.918874157200000048e+09
1.918874157200000048e+09
1.918560743200000048e+09
1.915755752000000000e+09
1.914830090200000048e+09
1.914593252599999905e+09
1.913277163200000048e+09
1.913277163200000048e+09
1.912677730400000095e+09
1.912617851799999952e+09
1.911707863799999952e+09
1.911524713400000095e+09
1.909829169200000048e+09
1.909501482799999952e+09
1.908961349599999905e+09
1.908542165799999952e+09
1.907773221599999905e+09
1.907586709400000095e+09
1.906989294400000095e+09
1.906281778400000095e+09
1.905923089400000095e+09
1.905513813799999952e+09
1.905513813799999952e+09
1.905094780400000095e+09
1.905018644599999905e+09
1.904746815799999952e+09
1.904616435799999952e+09
1.904531569000000000e+09
1.904238011599999905e+09
1.904026838000000000e+09
1.903450602799999952e+09
1.903244078799999952e+09
1.903198477200000048e+09
1.902522152000000000e+09
1.902522152000000000e+09
1.902477716599999905e+09
1.902380074400000095e+09
1.902295434000000000e+09
1.902096977799999952e+09
1.902040794200000048e+09
1.901960793799999952e+09
1.901951646799999952e+09
1.901694883000000000e+09
1.901456498200000048e+09
1.901445774799999952e+09
1.901081551400000095e+09
1.901064818400000095e+09
1.901004600599999905e+09
1.900822705400000095e+09
1.900729764799999952e+09
1.900610163000000000e+09
1.900298065000000000e+09
1.900291791599999905e+09
1.900255095000000000e+09
1.900255095000000000e+09
1.900164502599999905e+09
1.899950642799999952e+09
1.899930571200000048e+09
1.899754080000000000e+09
1.899666194599999905e+09
1.899612238000000000e+09
1.899612238000000000e+09
1.899536805400000095e+09
1.899494945599999905e+09
1.899493733400000095e+09
1.899470128400000095e+09
1.899459576400000095e+09
1.899381521400000095e+09
1.899281758799999952e+09
1.899200739400000095e+09
1.899180240200000048e+09
1.899124449000000000e+09
1.899034822799999952e+09
1.898956516400000095e+09
1.898930510200000048e+09
1.898893425000000000e+09
1.898872513400000095e+09
1.898860599599999905e+09
1.898815068400000095e+09
1.898801596200000048e+09
1.898775565200000048e+09
1.898775137200000048e+09
1.898751369599999905e+09
1.898740516400000095e+09
1.898726176799999952e+09
1.898676843799999952e+09
1.898634638799999952e+09
1.898624330799999952e+09
1.898604912599999905e+09
1.898602973000000000e+09
1.898570809000000000e+09
1.898528566200000048e+09
1.898515173400000095e+09
1.898481384200000048e+09
1.898423552599999905e+09
1.898409880000000000e+09
1.898399066200000048e+09
1.898378724400000095e+09
1.898301983200000048e+09
1.898297574000000000e+09
1.898290431799999952e+09
1.898261002200000048e+09
1.898261002200000048e+09
1.898186946400000095e+09
1.898176646000000000e+09
1.898132109200000048e+09
1.898118738200000048e+09
1.898103962599999905e+09
1.898102750400000095e+09
1.898083575200000048e+09
1.898074913000000000e+09
1.898074562599999905e+09
1.898069704200000048e+09
1.898043609799999952e+09
1.898034483599999905e+09
1.898006107599999905e+09
1.898000020599999905e+09
1.897994124599999905e+09
1.897994124599999905e+09
1.897994124599999905e+09
1.897986376799999952e+09
1.897971476000000000e+09
1.897971476000000000e+09
1.897934472599999905e+09
1.897926622400000095e+09
1.897926622400000095e+09
1.897916347200000048e+09
1.897915129000000000e+09
1.897913026000000000e+09
1.897891974400000095e+09
1.897849859000000000e+09
1.897810971400000095e+09
1.897791936799999952e+09
1.897787376799999952e+09
1.897768942000000000e+09
1.897767760599999905e+09
1.897763200599999905e+09
1.897756843400000095e+09
1.897724093200000048e+09
1.897715395200000048e+09
1.897715395200000048e+09
1.897692752799999952e+09
1.897686486799999952e+09
1.897657133599999905e+09
1.897653107200000048e+09
1.897643170400000095e+09
1.897630605599999905e+09
1.897630605599999905e+09
1.897630605599999905e+09
1.897629900400000095e+09
1.897629900400000095e+09
1.897627860799999952e+09
1.897615019400000095e+09
1.897615019400000095e+09
1.897613990599999905e+09
1.897606468400000095e+09
1.897605763200000048e+09
1.897605763200000048e+09
1.897590472599999905e+09
1.897576398000000000e+09
1.897561326400000095e+09
1.897548154799999952e+09
1.897548154799999952e+09
1.897548154799999952e+09
1.897532864200000048e+09
1.897523731200000048e+09
1.897523731200000048e+09
1.897523731200000048e+09
1.897493369000000000e+09
1.897493369000000000e+09
1.897493369000000000e+09
1.897493369000000000e+09
1.897465040599999905e+09
1.897465040599999905e+09
1.897465040599999905e+09
1.897460631400000095e+09
1.897387711400000095e+09
1.897387711400000095e+09
1.897377222799999952e+09
1.897377222799999952e+09
1.897313795799999952e+09
1.897313795799999952e+09
1.897311859400000095e+09
1.897245583599999905e+09
1.897243647200000048e+09
1.897243647200000048e+09
1.897178981400000095e+09
1.897178981400000095e+09
1.897171557000000000e+09
1.897171557000000000e+09
1.897147566599999905e+09
1.897147566599999905e+09
1.897147566599999905e+09
1.897131000599999905e+09
1.897131000599999905e+09
1.897131000599999905e+09
1.897099668200000048e+09
1.897096717799999952e+09
1.897096717799999952e+09
1.897072727400000095e+09
1.897072727400000095e+09
1.897066881200000048e+09
1.897043165799999952e+09
1.897043165799999952e+09
1.897036470200000048e+09
1.897014781200000048e+09
1.897014781200000048e+09
1.897014781200000048e+09
1.896981878799999952e+09
1.896981878799999952e+09
1.896981878799999952e+09
1.896981878799999952e+09
1.896950636400000095e+09
1.896950636400000095e+09
1.896950140799999952e+09
1.896944393200000048e+09
1.896944393200000048e+09
1.896897098400000095e+09
1.896878815599999905e+09
1.896878815599999905e+09
1.896878815599999905e+09
1.896878815599999905e+09
1.896837787400000095e+09
1.896834044599999905e+09
1.896833549000000000e+09
1.896827801400000095e+09
1.896827801400000095e+09
1.896827801400000095e+09
1.896827801400000095e+09
1.896827801400000095e+09
1.896820162000000000e+09
1.896820162000000000e+09
1.896815752799999952e+09
1.896815752799999952e+09
1.896815752799999952e+09
1.896815752799999952e+09
1.896804011200000048e+09
1.896804011200000048e+09
1.896804011200000048e+09
1.896804011200000048e+09
1.896751178000000000e+09
1.896751178000000000e+09
1.896727641200000048e+09
1.896702067599999905e+09
