5.962565230199999809e+09
5.838476760399999619e+09
5.821221200000000000e+09
5.750846841199999809e+09
5.719113330000000000e+09
5.597724487600000381e+09
5.579112550600000381e+09
5.561873152600000381e+09
5.541222495399999619e+09
5.459606414800000191e+09
5.443780467600000381e+09
5.373621761399999619e+09
5.342532490000000000e+09
5.309146709600000381e+09
5.300167322800000191e+09
5.265404793800000191e+09
5.246412978199999809e+09
5.230937520800000191e+09
5.220667953800000191e+09
5.190221249600000381e+09
5.190221249600000381e+09
5.175891949199999809e+09
5.161682523800000191e+09
5.153782578399999619e+09
5.151676793199999809e+09
5.136225057000000000e+09
5.136225057000000000e+09
5.126843254600000381e+09
5.117668057199999809e+09
5.114031943399999619e+09
5.107023917800000191e+09
5.106281743199999809e+09
5.101667444600000381e+09
5.098450883000000000e+09
5.094438900000000000e+09
5.092381065600000381e+09
5.090140648600000381e+09
5.083841034000000000e+09
5.082220336399999619e+09
5.077141017399999619e+09
5.071010799399999619e+09
5.070512167000000000e+09
5.069569294399999619e+09
5.063856331800000191e+09
5.059898561800000191e+09
5.059664318399999619e+09
5.058442809399999619e+09
5.056196361600000381e+09
5.056196361600000381e+09
5.053430292399999619e+09
5.051561313399999619e+09
5.046985966600000381e+09
5.046261733000000000e+09
5.044465363800000191e+09
5.044359808000000000e+09
5.040974491800000191e+09
5.040974491800000191e+09
5.035097968399999619e+09
5.035091887600000381e+09
5.034277984199999809e+09
5.030037453000000000e+09
5.028680084000000000e+09
5.027436897800000191e+09
5.025442718600000381e+09
5.025096257199999809e+09
5.018562878600000381e+09
5.017844343000000000e+09
5.017319686600000381e+09
5.015846284000000000e+09
5.013382567800000191e+09
5.012324524199999809e+09
5.009937551199999809e+09
5.009581821600000381e+09
5.008929481600000381e+09
5.007701865199999809e+09
5.007415419000000000e+09
5.006187855800000191e+09
5.004342147800000191e+09
5.004065558800000191e+09
5.003955494199999809e+09
5.003955494199999809e+09
5.002984128399999619e+09
5.002883786600000381e+09
5.002207035000000000e+09
5.001883657000000000e+09
5.001883657000000000e+09
5.001873732800000191e+09
5.001255503800000191e+09
5.000685381600000381e+09
5.000607805600000381e+09
5.000254355399999619e+09
5.000129768800000191e+09
4.998933804399999619e+09
4.998866492600000381e+09
4.998189710000000000e+09
4.998189710000000000e+09
4.998043307600000381e+09
4.997937597199999809e+09
4.997535649399999619e+09
4.997495870000000000e+09
4.996909598199999809e+09
4.996727672600000381e+09
4.996005426800000191e+09
4.995850059800000191e+09
4.995522791800000191e+09
4.995374882600000381e+09
4.995361017000000000e+09
4.995210754399999619e+09
4.994868400800000191e+09
4.994660329199999809e+09
4.994647152199999809e+09
4.994646314600000381e+09
4.994515303800000191e+09
4.994195376800000191e+09
4.994102532800000191e+09
4.993727120199999809e+09
4.993727120199999809e+09
4.993220972199999809e+09
4.993220972199999809e+09
4.993038989800000191e+09
4.992995548399999619e+09
4.992156788000000000e+09
4.991915498199999809e+09
4.990715340600000381e+09
4.990666435199999809e+09
4.989114888600000381e+09
4.989067987800000191e+09
4.988768319800000191e+09
4.988629155199999809e+09
4.987719626000000000e+09
4.987719626000000000e+09
4.987472610000000000e+09
4.987472610000000000e+09
4.987472610000000000e+09
4.987450847600000381e+09
4.987441373800000191e+09
4.986889491199999809e+09
4.986839104000000000e+09
4.986611863399999619e+09
4.986583879000000000e+09
4.986571325600000381e+09
4.986571325600000381e+09
4.985331943000000000e+09
4.985300171399999619e+09
4.985286722399999619e+09
4.985274839000000000e+09
4.985152774000000000e+09
4.985109250800000191e+09
4.984999833399999619e+09
4.984880226600000381e+09
4.984859273800000191e+09
4.984770327199999809e+09
4.984698119399999619e+09
4.984698119399999619e+09
4.984314542000000000e+09
4.984305689199999809e+09
4.984305689199999809e+09
4.984305430000000000e+09
4.984061566399999619e+09
4.983987985600000381e+09
4.983987985600000381e+09
4.983971694000000000e+09
4.983930339399999619e+09
4.983930339399999619e+09
4.983738080000000000e+09
4.983727304199999809e+09
4.983727304199999809e+09
4.983709923600000381e+09
4.983709923600000381e+09
4.983709923600000381e+09
4.983709923600000381e+09
4.983709923600000381e+09
4.983702682000000000e+09
4.983669273399999619e+09
4.983669273399999619e+09
4.983669273399999619e+09
4.983669273399999619e+09
4.983610679000000000e+09
4.983610679000000000e+09
4.983610679000000000e+09
4.983610679000000000e+09
4.983608407399999619e+09
4.983608085800000191e+09
4.983558570199999809e+09
4.983557368199999809e+09
4.983557368199999809e+09
4.983557368199999809e+09
4.983538456399999619e+09
4.983538456399999619e+09
4.983538456399999619e+09
4.983412915800000191e+09
4.983385947199999809e+09
4.983385947199999809e+09
4.983377997399999619e+09
4.983377997399999619e+09
4.983356012800000191e+09
4.983328594800000191e+09
4.983301626199999809e+09
4.983301626199999809e+09
4.983301626199999809e+09
4.983301626199999809e+09
4.983301626199999809e+09
4.983301626199999809e+09
4.983290212000000000e+09
4.983290212000000000e+09
4.982865752600000381e+09
4.982865752600000381e+09
4.982865752600000381e+09
4.982854338399999619e+09
4.982849972800000191e+09
4.982787972800000191e+09
4.982787972800000191e+09
4.982766178199999809e+09
4.982702046000000000e+09
4.982698088399999619e+09
4.982672774199999809e+09
4.982660059600000381e+09
4.982650667600000381e+09
4.982585312000000000e+09
4.982585312000000000e+09
4.982569532199999809e+09
4.982569532199999809e+09
4.982569532199999809e+09
4.982569532199999809e+09
4.982477557600000381e+09
4.982477557600000381e+09
4.982477557600000381e+09
4.982469286000000000e+09
4.982459608199999809e+09
4.982454593399999619e+09
4.982433413800000191e+09
4.982427736800000191e+09
4.982427736800000191e+09
4.982427736800000191e+09
4.982427736800000191e+09
4.982427736800000191e+09
4.982413174000000000e+09
4.982413174000000000e+09
4.982413174000000000e+09
4.982413174000000000e+09
4.982413174000000000e+09
4.982413174000000000e+09
4.982406661199999809e+09
4.982379654600000381e+09
4.982344435800000191e+09
4.982344435800000191e+09
4.982344435800000191e+09
4.982344435800000191e+09
4.982344435800000191e+09
4.982334055399999619e+09
4.982331677199999809e+09
4.982331677199999809e+09
4.982327181600000381e+09
4.982327181600000381e+09
4.982327181600000381e+09
4.982318167199999809e+09
4.982318167199999809e+09
4.982318167199999809e+09
4.982318167199999809e+09
4.982318167199999809e+09
4.982318167199999809e+09
4.982318167199999809e+09
4.982312904000000000e+09
4.982312904000000000e+09
4.982312904000000000e+09
4.982291032800000191e+09
4.982291032800000191e+09
4.982285769600000381e+09
4.982285769600000381e+09
4.982282385199999809e+09
4.982282385199999809e+09
4.982282385199999809e+09
4.982277122000000000e+09
4.982277122000000000e+09
4.982277122000000000e+09
4.982235261800000191e+09
4.982235261800000191e+09
4.982235261800000191e+09
4.982235261800000191e+09
4.982235261800000191e+09
4.982235261800000191e+09
4.982234059800000191e+09
4.982225004600000381e+09
4.982225004600000381e+09
4.982225004600000381e+09
4.982225004600000381e+09
4.982225004600000381e+09
4.982225004600000381e+09
4.982225004600000381e+09
4.982225004600000381e+09
4.982225004600000381e+09
4.982222356600000381e+09
4.982222356600000381e+09
4.982222356600000381e+09
4.982222356600000381e+09
4.982222356600000381e+09
4.982222356600000381e+09
4.982222356600000381e+09
4.982222356600000381e+09
4.982219704199999809e+09
4.982219704199999809e+09
