7.466302962399999619e+09
7.408406730600000381e+09
7.361609413800000191e+09
7.306402631000000000e+09
7.279728007800000191e+09
7.174310921000000000e+09
7.115937818800000191e+09
7.048891510199999809e+09
6.994981943800000191e+09
6.954638760199999809e+09
6.907496140600000381e+09
6.897561781800000191e+09
6.880868833600000381e+09
6.850798074800000191e+09
6.813377910199999809e+09
6.805640664199999809e+09
6.789430843800000191e+09
6.760258266800000191e+09
6.752862573600000381e+09
6.752862573600000381e+09
6.746268932199999809e+09
6.737582756600000381e+09
6.730491292600000381e+09
6.720620306199999809e+09
6.717906920199999809e+09
6.704983661000000000e+09
6.698802719800000191e+09
6.685913296800000191e+09
6.684629019199999809e+09
6.675358528399999619e+09
6.675358528399999619e+09
6.673466773000000000e+09
6.669112534800000191e+09
6.665560110199999809e+09
6.662865656600000381e+09
6.653733077800000191e+09
6.647758889199999809e+09
6.644274435000000000e+09
6.636308274000000000e+09
6.629096225199999809e+09
6.625968450000000000e+09
6.621607920000000000e+09
6.620186871399999619e+09
6.617113914000000000e+09
6.604088376399999619e+09
6.603530980199999809e+09
6.603530980199999809e+09
6.602254839000000000e+09
6.600581140800000191e+09
6.597805034600000381e+09
6.597805034600000381e+09
6.595682868600000381e+09
6.594697625600000381e+09
6.592521554600000381e+09
6.592279939000000000e+09
6.590763488000000000e+09
6.582697826600000381e+09
6.582697826600000381e+09
6.581008673600000381e+09
6.579847505399999619e+09
6.577288386399999619e+09
6.576742499000000000e+09
6.574643035199999809e+09
6.569550128199999809e+09
6.568143917199999809e+09
6.567613828399999619e+09
6.567613828399999619e+09
6.565092422000000000e+09
6.565092422000000000e+09
6.562796705600000381e+09
6.562673722600000381e+09
6.559889374800000191e+09
6.559832433199999809e+09
6.559602365199999809e+09
6.559027752399999619e+09
6.558263847199999809e+09
6.557540672600000381e+09
6.557540672600000381e+09
6.557471625199999809e+09
6.556565536600000381e+09
6.556276234800000191e+09
6.555720285000000000e+09
6.555646610000000000e+09
6.555218556199999809e+09
6.555193363600000381e+09
6.555109305000000000e+09
6.554874487800000191e+09
6.554371275000000000e+09
6.554358734399999619e+09
6.554099975800000191e+09
6.554067550800000191e+09
6.553980652800000191e+09
6.553855737000000000e+09
6.553721421199999809e+09
6.553556609199999809e+09
6.553377203199999809e+09
6.553377203199999809e+09
6.553178249000000000e+09
6.552841257199999809e+09
6.552679347000000000e+09
6.552318187800000191e+09
6.552310157800000191e+09
6.551787803399999619e+09
6.551784659800000191e+09
6.551756593399999619e+09
6.551581291000000000e+09
6.551401401199999809e+09
6.551172577000000000e+09
6.550761397399999619e+09
6.550749892199999809e+09
6.550531156600000381e+09
6.550507050000000000e+09
6.550390341800000191e+09
6.550307378199999809e+09
6.550230785800000191e+09
6.550230785800000191e+09
6.549407730600000381e+09
6.549407730600000381e+09
6.547994261199999809e+09
6.547940666800000191e+09
6.547855214800000191e+09
6.547100544199999809e+09
6.546946732399999619e+09
6.546926074399999619e+09
6.546917377800000191e+09
6.546903411399999619e+09
6.546774198199999809e+09
6.545739496000000000e+09
6.543702554800000191e+09
6.543655347199999809e+09
6.543617290800000191e+09
6.543441231800000191e+09
6.543002097000000000e+09
6.542947828000000000e+09
6.542884082600000381e+09
6.542694250000000000e+09
6.542681402600000381e+09
6.542615911600000381e+09
6.542615911600000381e+09
6.542519734000000000e+09
6.542406472600000381e+09
6.542406472600000381e+09
6.539080335000000000e+09
6.539057184600000381e+09
6.538864432000000000e+09
6.538864432000000000e+09
6.538864432000000000e+09
6.538864432000000000e+09
6.538836127399999619e+09
6.538246899000000000e+09
6.537945863800000191e+09
6.536977430800000191e+09
6.536972415199999809e+09
6.536972415199999809e+09
6.536551503399999619e+09
6.536551503399999619e+09
6.536491736000000000e+09
6.536491736000000000e+09
6.536491736000000000e+09
6.536483485800000191e+09
6.536465296399999619e+09
6.536458180600000381e+09
6.536122071199999809e+09
6.535929864600000381e+09
6.535914370800000191e+09
6.535893043399999619e+09
6.535641252399999619e+09
6.535634331199999809e+09
6.535550676399999619e+09
6.535547132800000191e+09
6.535547132800000191e+09
6.535403693199999809e+09
6.535384851800000191e+09
6.535166319800000191e+09
6.535134397600000381e+09
6.535134397600000381e+09
6.534920061199999809e+09
6.534914755399999619e+09
6.534887372399999619e+09
6.534870376399999619e+09
6.534823116000000000e+09
6.534817924199999809e+09
6.534817924199999809e+09
6.534817924199999809e+09
6.534808877199999809e+09
6.534750152600000381e+09
6.534743353000000000e+09
6.534687217800000191e+09
6.534671776399999619e+09
6.534634050000000000e+09
6.534630483399999619e+09
6.534586865199999809e+09
6.534531856800000191e+09
6.534531856800000191e+09
6.534531856800000191e+09
6.534498025600000381e+09
6.534498025600000381e+09
6.534498025600000381e+09
6.534498025600000381e+09
6.534498025600000381e+09
6.534494464399999619e+09
6.534494464399999619e+09
6.534337023800000191e+09
6.534337023800000191e+09
6.534337023800000191e+09
6.534337023800000191e+09
6.534337023800000191e+09
6.534315013000000000e+09
6.534301354600000381e+09
6.534301354600000381e+09
6.534301354600000381e+09
6.534178617600000381e+09
6.534178617600000381e+09
6.534178617600000381e+09
6.534178067600000381e+09
6.534156056800000191e+09
6.534156056800000191e+09
6.534156056800000191e+09
6.534156056800000191e+09
6.534153461399999619e+09
6.534153461399999619e+09
6.534153461399999619e+09
6.534145543199999809e+09
6.534091483399999619e+09
6.534091483399999619e+09
6.534086259600000381e+09
6.534086259600000381e+09
6.534086259600000381e+09
6.534067390399999619e+09
6.534041506600000381e+09
6.534015136600000381e+09
6.534013963399999619e+09
6.534013963399999619e+09
6.534004136600000381e+09
6.533998912800000191e+09
6.533947850399999619e+09
6.533947850399999619e+09
6.533947850399999619e+09
6.533943750000000000e+09
6.533925804000000000e+09
6.533925804000000000e+09
6.533925804000000000e+09
6.533925804000000000e+09
6.533920473000000000e+09
6.533899303000000000e+09
6.533873224600000381e+09
6.533868364399999619e+09
6.533868364399999619e+09
6.533868364399999619e+09
6.533868364399999619e+09
6.533837326399999619e+09
6.533837326399999619e+09
6.533837326399999619e+09
6.533837326399999619e+09
6.533837326399999619e+09
6.533837326399999619e+09
6.533837326399999619e+09
6.533837326399999619e+09
6.533837326399999619e+09
6.533837326399999619e+09
6.533837326399999619e+09
6.533837326399999619e+09
6.533837326399999619e+09
6.533837326399999619e+09
6.533837326399999619e+09
6.533837326399999619e+09
6.533837326399999619e+09
6.533837326399999619e+09
6.533828028199999809e+09
6.533828028199999809e+09
6.533816674199999809e+09
6.533816674199999809e+09
6.533816674199999809e+09
6.533816674199999809e+09
6.533815334600000381e+09
6.533815334600000381e+09
6.533778325000000000e+09
6.533778325000000000e+09
6.533776985399999619e+09
6.533769346000000000e+09
6.533769346000000000e+09
6.533769346000000000e+09
6.533769346000000000e+09
6.533763551199999809e+09
6.533763551199999809e+09
6.533760205800000191e+09
6.533760205800000191e+09
6.533760205800000191e+09
6.533760205800000191e+09
6.533760205800000191e+09
6.533760205800000191e+09
6.533760205800000191e+09
6.533760205800000191e+09
6.533760205800000191e+09
6.533760205800000191e+09
6.533760205800000191e+09
6.533751225600000381e+09
6.533751225600000381e+09
6.533751225600000381e+09
6.533751225600000381e+09
6.533748064199999809e+09
