3.199517597000000000e+09
3.140147360199999809e+09
3.073587298800000191e+09
3.001630611599999905e+09
2.979029051199999809e+09
2.948476962199999809e+09
2.923030900400000095e+09
2.902889347400000095e+09
2.891055300199999809e+09
2.890508631000000000e+09
2.865941267599999905e+09
2.853678734800000191e+09
2.846256717199999809e+09
2.832235225800000191e+09
2.814284385599999905e+09
2.810122647599999905e+09
2.797029448199999809e+09
2.789328653599999905e+09
2.781234272800000191e+09
2.780052854199999809e+09
2.770658873000000000e+09
2.766594877599999905e+09
2.761832236400000095e+09
2.757566089199999809e+09
2.755904711000000000e+09
2.748741086599999905e+09
2.747044085800000191e+09
2.744278410000000000e+09
2.737653417000000000e+09
2.736299889199999809e+09
2.732797307199999809e+09
2.731892743400000095e+09
2.726507041199999809e+09
2.725471738000000000e+09
2.724410692599999905e+09
2.722802815400000095e+09
2.718917943800000191e+09
2.715267455400000095e+09
2.714647646400000095e+09
2.712910300599999905e+09
2.712738626199999809e+09
2.711784128800000191e+09
2.711402724000000000e+09
2.709367529000000000e+09
2.708090798199999809e+09
2.708078008800000191e+09
2.708078008800000191e+09
2.707777267599999905e+09
2.707149230599999905e+09
2.706242067000000000e+09
2.705380600000000000e+09
2.704132654199999809e+09
2.703299539199999809e+09
2.703299539199999809e+09
2.701937478599999905e+09
2.701506619199999809e+09
2.701492871400000095e+09
2.701103110599999905e+09
2.700991317199999809e+09
2.700338042400000095e+09
2.699993198800000191e+09
2.698255114599999905e+09
2.697492202400000095e+09
2.697025214000000000e+09
2.695659419000000000e+09
2.695195185599999905e+09
2.694617310199999809e+09
2.693766578199999809e+09
2.692136120000000000e+09
2.691842704800000191e+09
2.691283809199999809e+09
2.691156223400000095e+09
2.690809205800000191e+09
2.689878484400000095e+09
2.688801429199999809e+09
2.688721129800000191e+09
2.688496613400000095e+09
2.688239362800000191e+09
2.688035677400000095e+09
2.686555293000000000e+09
2.686259895599999905e+09
2.685979489000000000e+09
2.685668665199999809e+09
2.685533118199999809e+09
2.685390451599999905e+09
2.685008610599999905e+09
2.684674600800000191e+09
2.684477494199999809e+09
2.684127217400000095e+09
2.682436451000000000e+09
2.682436451000000000e+09
2.681688691800000191e+09
2.681543409199999809e+09
2.681461778000000000e+09
2.681044411000000000e+09
2.680757674599999905e+09
2.680459849199999809e+09
2.680318690400000095e+09
2.680037986400000095e+09
2.679987859199999809e+09
2.679555726599999905e+09
2.679497094599999905e+09
2.679422613000000000e+09
2.679337400000000000e+09
2.679138982599999905e+09
2.679125603199999809e+09
2.679009032199999809e+09
2.679009032199999809e+09
2.678925520400000095e+09
2.678665290400000095e+09
2.678631124000000000e+09
2.678631124000000000e+09
2.678456807800000191e+09
2.678324181800000191e+09
2.678313349400000095e+09
2.678200178400000095e+09
2.678130156199999809e+09
2.678114867199999809e+09
2.678054031599999905e+09
2.678043530000000000e+09
2.678033633000000000e+09
2.677914146800000191e+09
2.677887802199999809e+09
2.677808389400000095e+09
2.677797978400000095e+09
2.677679707800000191e+09
2.677679707800000191e+09
2.677512728000000000e+09
2.677424084599999905e+09
2.677314290400000095e+09
2.677314290400000095e+09
2.677266914199999809e+09
2.677227970000000000e+09
2.677227970000000000e+09
2.677093285000000000e+09
2.677078838800000191e+09
2.676986018800000191e+09
2.676960290000000000e+09
2.676910894000000000e+09
2.676906161199999809e+09
2.676897331800000191e+09
2.676855202800000191e+09
2.676840918400000095e+09
2.676772647599999905e+09
2.676733792400000095e+09
2.676733792400000095e+09
2.676705032400000095e+09
2.676705032400000095e+09
2.676700299599999905e+09
2.676587923599999905e+09
2.676568732000000000e+09
2.676520076000000000e+09
2.676520076000000000e+09
2.676494979800000191e+09
2.676488704599999905e+09
2.676478139400000095e+09
2.676468347800000191e+09
2.676468051400000095e+09
2.676459969599999905e+09
2.676420166599999905e+09
2.676415840800000191e+09
2.676403691000000000e+09
2.676330169199999809e+09
2.676237125400000095e+09
2.676222803800000191e+09
2.676174224599999905e+09
2.676148146800000191e+09
2.676121986400000095e+09
2.676096485199999809e+09
2.676012273800000191e+09
2.676009139400000095e+09
2.676009139400000095e+09
2.675967047400000095e+09
2.675957417400000095e+09
2.675925079599999905e+09
2.675924223400000095e+09
2.675909179199999809e+09
2.675898404400000095e+09
2.675889292800000191e+09
2.675882760800000191e+09
2.675826348199999809e+09
2.675800412000000000e+09
2.675798805199999809e+09
2.675792092800000191e+09
2.675760169199999809e+09
2.675760169199999809e+09
2.675759060800000191e+09
2.675754482000000000e+09
2.675701888599999905e+09
2.675689154400000095e+09
2.675687585599999905e+09
2.675681589400000095e+09
2.675672831599999905e+09
2.675640878199999809e+09
2.675624773599999905e+09
2.675612964800000191e+09
2.675612964800000191e+09
2.675599409000000000e+09
2.675559523400000095e+09
2.675521088400000095e+09
2.675463536400000095e+09
2.675413940199999809e+09
2.675413940199999809e+09
2.675413940199999809e+09
2.675413156199999809e+09
2.675413156199999809e+09
2.675410233400000095e+09
2.675384174400000095e+09
2.675384174400000095e+09
2.675365484599999905e+09
2.675346284599999905e+09
2.675336080599999905e+09
2.675336080599999905e+09
2.675328095199999809e+09
2.675320051199999809e+09
2.675319891599999905e+09
2.675254637599999905e+09
2.675211569199999809e+09
2.675211569199999809e+09
2.675201331199999809e+09
2.675182077400000095e+09
2.675182077400000095e+09
2.675181102599999905e+09
2.675157862000000000e+09
2.675157862000000000e+09
2.675157862000000000e+09
2.675157862000000000e+09
2.675157862000000000e+09
2.675153587000000000e+09
2.675143775400000095e+09
2.675134751199999809e+09
2.675112519199999809e+09
2.675112519199999809e+09
2.675108244199999809e+09
2.675088926000000000e+09
2.675063026199999809e+09
2.675063026199999809e+09
2.675063026199999809e+09
2.675061721400000095e+09
2.675043919599999905e+09
2.675043919599999905e+09
2.675043797599999905e+09
2.675043797599999905e+09
2.675043797599999905e+09
2.675043797599999905e+09
2.675024840400000095e+09
2.675024840400000095e+09
2.675021583800000191e+09
2.675021583800000191e+09
2.675020453599999905e+09
2.675020254599999905e+09
2.675020254599999905e+09
2.675000133000000000e+09
2.674993488800000191e+09
2.674992714800000191e+09
2.674991584599999905e+09
2.674991385599999905e+09
2.674972430599999905e+09
2.674967108199999809e+09
2.674947704000000000e+09
2.674947704000000000e+09
2.674947704000000000e+09
2.674947704000000000e+09
2.674947704000000000e+09
2.674947704000000000e+09
2.674947704000000000e+09
2.674947453400000095e+09
2.674947453400000095e+09
2.674943249800000191e+09
2.674925400000000000e+09
2.674925400000000000e+09
2.674925400000000000e+09
2.674910206800000191e+09
2.674910206800000191e+09
2.674906209199999809e+09
2.674906209199999809e+09
2.674906209199999809e+09
2.674902127800000191e+09
2.674891373000000000e+09
2.674889064400000095e+09
2.674889064400000095e+09
2.674889064400000095e+09
2.674889064400000095e+09
2.674882230000000000e+09
2.674882230000000000e+09
2.674882230000000000e+09
2.674882230000000000e+09
2.674882230000000000e+09
2.674882230000000000e+09
2.674882230000000000e+09
2.674882230000000000e+09
2.674882230000000000e+09
2.674882230000000000e+09
2.674875644199999809e+09
2.674875644199999809e+09
2.674861516400000095e+09
2.674861516400000095e+09
2.674861516400000095e+09
2.674860649400000095e+09
2.674860649400000095e+09
2.674860649400000095e+09
