8.402604052000000000e+09
8.177053892000000000e+09
8.141339013199999809e+09
7.988865202399999619e+09
7.896951451600000381e+09
7.706221997199999809e+09
7.595938022600000381e+09
7.547250977800000191e+09
7.513142387600000381e+09
7.427235255800000191e+09
7.391060668399999619e+09
7.370583120600000381e+09
7.366881432199999809e+09
7.352419973399999619e+09
7.309892672199999809e+09
7.257031218600000381e+09
7.222104002600000381e+09
7.200995072800000191e+09
7.196698946399999619e+09
7.150914463000000000e+09
7.126852804199999809e+09
7.123776043000000000e+09
7.123042756399999619e+09
7.114564103399999619e+09
7.108557108800000191e+09
7.106493011600000381e+09
7.106287702199999809e+09
7.101736695000000000e+09
7.091858348600000381e+09
7.088889517199999809e+09
7.087593866399999619e+09
7.085943505000000000e+09
7.084594736600000381e+09
7.082314216800000191e+09
7.078112064800000191e+09
7.075929464399999619e+09
7.068938114000000000e+09
7.068425400800000191e+09
7.063425520399999619e+09
7.063368707000000000e+09
7.063368707000000000e+09
7.063368707000000000e+09
7.061378787199999809e+09
7.060238136600000381e+09
7.060238136600000381e+09
7.059998660600000381e+09
7.059998660600000381e+09
7.059826316600000381e+09
7.059826316600000381e+09
7.059826316600000381e+09
7.057616046600000381e+09
7.057367706399999619e+09
7.055994973399999619e+09
7.055994973399999619e+09
7.055994973399999619e+09
7.055854860600000381e+09
7.054024522199999809e+09
7.052559615800000191e+09
7.052559615800000191e+09
7.052295457399999619e+09
7.052147718199999809e+09
7.052147718199999809e+09
7.052019911000000000e+09
7.051956131000000000e+09
7.051574736800000191e+09
7.051564341600000381e+09
7.051564341600000381e+09
7.051448362800000191e+09
7.051216424199999809e+09
7.051088617000000000e+09
7.051088617000000000e+09
7.051065356800000191e+09
7.051058282600000381e+09
7.050865808000000000e+09
7.050667327600000381e+09
7.050598821600000381e+09
7.050598821600000381e+09
7.050543661199999809e+09
7.050274359000000000e+09
7.050260887199999809e+09
7.050078923199999809e+09
7.050078923199999809e+09
7.050069924800000191e+09
7.049963908399999619e+09
7.049886683000000000e+09
7.049676580000000000e+09
7.049597684000000000e+09
7.049503114800000191e+09
7.049362698399999619e+09
7.049362698399999619e+09
7.049362698399999619e+09
7.049362228399999619e+09
7.049340468800000191e+09
7.049340468800000191e+09
7.049340468800000191e+09
7.049267015600000381e+09
7.049267015600000381e+09
7.049261908399999619e+09
7.049236250399999619e+09
7.049236250399999619e+09
7.049132080600000381e+09
7.049132080600000381e+09
7.049094256399999619e+09
7.049094256399999619e+09
7.049089626600000381e+09
7.049076348000000000e+09
7.049076348000000000e+09
7.048828274000000000e+09
7.048828274000000000e+09
7.048819904000000000e+09
7.048733732600000381e+09
7.048733732600000381e+09
7.048733732600000381e+09
7.048733732600000381e+09
7.048733732600000381e+09
7.048733732600000381e+09
7.048733732600000381e+09
7.048680288800000191e+09
7.048680288800000191e+09
7.048680288800000191e+09
7.048680288800000191e+09
7.048680288800000191e+09
7.048669187199999809e+09
7.048669187199999809e+09
7.048669187199999809e+09
7.048666444000000000e+09
7.048666444000000000e+09
7.048666444000000000e+09
7.048652549600000381e+09
7.048644034000000000e+09
7.048644034000000000e+09
7.048644034000000000e+09
7.048633614399999619e+09
7.048581889199999809e+09
7.048516884600000381e+09
7.048516884600000381e+09
7.048514175199999809e+09
7.048514175199999809e+09
7.048439093000000000e+09
7.048309597600000381e+09
7.048299954800000191e+09
7.048299954800000191e+09
7.048299954800000191e+09
7.048299954800000191e+09
7.048299954800000191e+09
7.048299954800000191e+09
7.048254615199999809e+09
7.048254615199999809e+09
7.048254615199999809e+09
7.048180061000000000e+09
7.048133612800000191e+09
7.048084014800000191e+09
7.048084014800000191e+09
7.048060949000000000e+09
7.048048880199999809e+09
7.048048880199999809e+09
7.048048880199999809e+09
7.048048880199999809e+09
7.048048880199999809e+09
7.048048880199999809e+09
7.048025377800000191e+09
7.048025377800000191e+09
7.048025377800000191e+09
7.048025377800000191e+09
7.048025377800000191e+09
7.048025377800000191e+09
7.048023467199999809e+09
7.048023467199999809e+09
7.048023467199999809e+09
7.048023467199999809e+09
7.048003106000000000e+09
7.048003106000000000e+09
7.048003106000000000e+09
7.048003106000000000e+09
7.048003106000000000e+09
7.048003106000000000e+09
7.048003106000000000e+09
7.048003106000000000e+09
7.048003106000000000e+09
7.048003106000000000e+09
7.048003106000000000e+09
7.048003106000000000e+09
7.048003106000000000e+09
7.048003106000000000e+09
7.048003106000000000e+09
7.048003106000000000e+09
7.048003106000000000e+09
7.048003106000000000e+09
7.048003106000000000e+09
7.047905864000000000e+09
7.047905864000000000e+09
7.047905864000000000e+09
7.047905864000000000e+09
7.047905864000000000e+09
7.047905864000000000e+09
7.047905864000000000e+09
7.047905864000000000e+09
7.047905864000000000e+09
7.047905864000000000e+09
7.047905864000000000e+09
7.047905864000000000e+09
7.047905864000000000e+09
7.047905864000000000e+09
7.047836671600000381e+09
7.047836671600000381e+09
7.047836671600000381e+09
7.047836671600000381e+09
7.047836671600000381e+09
7.047836671600000381e+09
7.047836671600000381e+09
7.047836671600000381e+09
7.047836671600000381e+09
7.047836671600000381e+09
7.047836671600000381e+09
7.047836671600000381e+09
7.047836671600000381e+09
7.047836671600000381e+09
7.047836671600000381e+09
7.047836671600000381e+09
7.047836671600000381e+09
7.047836671600000381e+09
7.047753566199999809e+09
7.047753566199999809e+09
7.047753566199999809e+09
7.047753566199999809e+09
7.047753566199999809e+09
7.047753566199999809e+09
7.047753566199999809e+09
7.047753566199999809e+09
7.047753566199999809e+09
7.047753566199999809e+09
7.047753566199999809e+09
7.047753566199999809e+09
7.047753566199999809e+09
7.047753566199999809e+09
7.047735123399999619e+09
7.047735123399999619e+09
7.047735123399999619e+09
7.047735123399999619e+09
7.047735123399999619e+09
7.047735123399999619e+09
7.047735123399999619e+09
7.047735123399999619e+09
7.047735123399999619e+09
7.047735123399999619e+09
7.047735123399999619e+09
7.047735123399999619e+09
7.047735123399999619e+09
7.047735123399999619e+09
7.047735123399999619e+09
7.047735123399999619e+09
7.047735123399999619e+09
7.047735123399999619e+09
7.047735123399999619e+09
7.047735123399999619e+09
7.047735123399999619e+09
7.047735123399999619e+09
7.047735123399999619e+09
7.047726423600000381e+09
7.047726423600000381e+09
7.047726423600000381e+09
7.047726423600000381e+09
7.047726423600000381e+09
7.047726423600000381e+09
7.047726423600000381e+09
7.047726423600000381e+09
7.047702921199999809e+09
7.047702921199999809e+09
7.047702921199999809e+09
7.047702921199999809e+09
7.047702921199999809e+09
7.047702921199999809e+09
7.047702921199999809e+09
7.047702921199999809e+09
7.047702921199999809e+09
7.047702921199999809e+09
7.047702921199999809e+09
7.047702921199999809e+09
7.047702921199999809e+09
7.047702921199999809e+09
7.047702921199999809e+09
7.047702921199999809e+09
7.047702921199999809e+09
7.047702921199999809e+09
7.047702921199999809e+09
7.047702921199999809e+09
7.047702921199999809e+09
7.047702921199999809e+09
7.047702921199999809e+09
7.047679418800000191e+09
7.047679418800000191e+09
7.047679418800000191e+09
7.047679418800000191e+09
7.047679418800000191e+09
7.047679418800000191e+09
7.047679418800000191e+09
7.047679418800000191e+09
7.047679418800000191e+09
7.047679418800000191e+09
7.047679418800000191e+09
7.047679418800000191e+09
