3.609213000000000000e+09
3.519024709400000095e+09
3.445594014400000095e+09
3.387898657800000191e+09
3.352079546599999905e+09
3.307399514800000191e+09
3.227264126599999905e+09
3.143999819599999905e+09
3.143445244400000095e+09
3.125204764000000000e+09
3.119031103599999905e+09
3.106497094800000191e+09
3.045088065000000000e+09
3.026207481199999809e+09
2.989400663599999905e+09
2.979233431800000191e+09
2.970499756199999809e+09
2.962013642400000095e+09
2.948627234400000095e+09
2.928299508199999809e+09
2.910502874599999905e+09
2.892356391800000191e+09
2.883173909800000191e+09
2.866123649000000000e+09
2.858366316000000000e+09
2.858366316000000000e+09
2.856621210199999809e+09
2.850681185599999905e+09
2.839495891000000000e+09
2.837979877599999905e+09
2.836257788800000191e+09
2.830949315199999809e+09
2.826984478599999905e+09
2.823517635400000095e+09
2.821607916199999809e+09
2.821607916199999809e+09
2.821504579800000191e+09
2.818481570400000095e+09
2.817781669800000191e+09
2.817781669800000191e+09
2.817781669800000191e+09
2.816631834599999905e+09
2.815279235800000191e+09
2.814747461800000191e+09
2.814747461800000191e+09
2.814236778199999809e+09
2.813502051199999809e+09
2.813499409199999809e+09
2.813230545599999905e+09
2.813110279599999905e+09
2.813068178800000191e+09
2.812833337000000000e+09
2.812082007000000000e+09
2.812082007000000000e+09
2.812082007000000000e+09
2.810738678000000000e+09
2.810657694400000095e+09
2.810322445000000000e+09
2.808332958400000095e+09
2.808070191800000191e+09
2.807464806400000095e+09
2.807044182000000000e+09
2.806901758800000191e+09
2.806597404199999809e+09
2.806278245800000191e+09
2.806129014199999809e+09
2.806008094400000095e+09
2.805483489000000000e+09
2.805483489000000000e+09
2.805397387199999809e+09
2.805397387199999809e+09
2.804942135800000191e+09
2.804807654000000000e+09
2.804724251400000095e+09
2.804703969199999809e+09
2.804564278400000095e+09
2.804434501000000000e+09
2.804434501000000000e+09
2.804301471400000095e+09
2.804085131000000000e+09
2.804085131000000000e+09
2.803946653199999809e+09
2.803946653199999809e+09
2.803726467000000000e+09
2.803726467000000000e+09
2.803509279400000095e+09
2.803432175000000000e+09
2.803431814800000191e+09
2.803302141400000095e+09
2.803302141400000095e+09
2.803301065800000191e+09
2.803301065800000191e+09
2.803267472199999809e+09
2.803267472199999809e+09
2.803258194199999809e+09
2.803258194199999809e+09
2.803258194199999809e+09
2.803258194199999809e+09
2.803258194199999809e+09
2.803258194199999809e+09
2.803230002800000191e+09
2.803210472400000095e+09
2.803148689800000191e+09
2.803102027199999809e+09
2.803074443400000095e+09
2.803074443400000095e+09
2.803074443400000095e+09
2.803074443400000095e+09
2.803074443400000095e+09
2.803074443400000095e+09
2.803042255199999809e+09
2.802983224800000191e+09
2.802983224800000191e+09
2.802953654599999905e+09
2.802953654599999905e+09
2.802948941599999905e+09
2.802948941599999905e+09
2.802948941599999905e+09
2.802948941599999905e+09
2.802948941599999905e+09
2.802916753400000095e+09
2.802897370599999905e+09
2.802897370599999905e+09
2.802897370599999905e+09
2.802707552199999809e+09
2.802707552199999809e+09
2.802707552199999809e+09
2.802707552199999809e+09
2.802658844199999809e+09
2.802658844199999809e+09
2.802658844199999809e+09
2.802610739599999905e+09
2.802516136800000191e+09
2.802516136800000191e+09
2.802516136800000191e+09
2.802516136800000191e+09
2.802516136800000191e+09
2.802482543199999809e+09
2.802478603199999809e+09
2.802478603199999809e+09
2.802478603199999809e+09
2.802478603199999809e+09
2.802478603199999809e+09
2.802478603199999809e+09
2.802439060599999905e+09
2.802439060599999905e+09
2.802439060599999905e+09
2.802439060599999905e+09
2.802439060599999905e+09
2.802425800800000191e+09
2.802425800800000191e+09
2.802425800800000191e+09
2.802425800800000191e+09
2.802425800800000191e+09
2.802354782400000095e+09
2.802354782400000095e+09
2.802354782400000095e+09
2.802354782400000095e+09
2.802340306800000191e+09
2.802319973000000000e+09
2.802319973000000000e+09
2.802319973000000000e+09
2.802319973000000000e+09
2.802319973000000000e+09
2.802319973000000000e+09
2.802319973000000000e+09
2.802308829199999809e+09
2.802308829199999809e+09
2.802308829199999809e+09
2.802302567199999809e+09
2.802302567199999809e+09
2.802302567199999809e+09
2.802302567199999809e+09
2.802302567199999809e+09
2.802302567199999809e+09
2.802302567199999809e+09
2.802302567199999809e+09
2.802291423400000095e+09
2.802291423400000095e+09
2.802291423400000095e+09
2.802291423400000095e+09
2.802291423400000095e+09
2.802291423400000095e+09
2.802291423400000095e+09
2.802291423400000095e+09
2.802291423400000095e+09
2.802291423400000095e+09
2.802291423400000095e+09
2.802291423400000095e+09
2.802291423400000095e+09
2.802291423400000095e+09
2.802291423400000095e+09
2.802291423400000095e+09
2.802291423400000095e+09
2.802291423400000095e+09
2.802291423400000095e+09
2.802291423400000095e+09
2.802291423400000095e+09
2.802291423400000095e+09
2.802291423400000095e+09
2.802291423400000095e+09
2.802291423400000095e+09
2.802291423400000095e+09
2.802291423400000095e+09
2.802291423400000095e+09
2.802291423400000095e+09
2.802291423400000095e+09
2.802291423400000095e+09
2.802291423400000095e+09
2.802291423400000095e+09
2.802291423400000095e+09
2.802291423400000095e+09
2.802291423400000095e+09
2.802291423400000095e+09
2.802291423400000095e+09
2.802291423400000095e+09
2.802291423400000095e+09
2.802291423400000095e+09
2.802291423400000095e+09
2.802291423400000095e+09
2.802291423400000095e+09
2.802291423400000095e+09
2.802291423400000095e+09
2.802257935000000000e+09
2.802230351199999809e+09
2.802230351199999809e+09
2.802230351199999809e+09
2.802230351199999809e+09
2.802230351199999809e+09
2.802230351199999809e+09
2.802230351199999809e+09
2.802230351199999809e+09
2.802230351199999809e+09
2.802230351199999809e+09
2.802230351199999809e+09
2.802230351199999809e+09
2.802215875599999905e+09
2.802215875599999905e+09
2.802215875599999905e+09
2.802215875599999905e+09
2.802215875599999905e+09
2.802215875599999905e+09
2.802215875599999905e+09
2.802215875599999905e+09
2.802215875599999905e+09
2.802215875599999905e+09
2.802215875599999905e+09
2.802215875599999905e+09
2.802215875599999905e+09
2.802215875599999905e+09
2.802215875599999905e+09
2.802202615800000191e+09
2.802202615800000191e+09
2.802202615800000191e+09
2.802202615800000191e+09
2.802202615800000191e+09
2.802202615800000191e+09
2.802202615800000191e+09
2.802202615800000191e+09
2.802202615800000191e+09
2.802202615800000191e+09
2.802202615800000191e+09
2.802202615800000191e+09
2.802202615800000191e+09
2.802202615800000191e+09
2.802202615800000191e+09
2.802202615800000191e+09
2.802202615800000191e+09
2.802188140199999809e+09
2.802188140199999809e+09
2.802188140199999809e+09
2.802188140199999809e+09
2.802188140199999809e+09
2.802188140199999809e+09
2.802188140199999809e+09
2.802188140199999809e+09
2.802188140199999809e+09
2.802188140199999809e+09
2.802188140199999809e+09
2.802188140199999809e+09
2.802175699599999905e+09
2.802175699599999905e+09
2.802175699599999905e+09
2.802175699599999905e+09
2.802175699599999905e+09
2.802175699599999905e+09
2.802175699599999905e+09
2.802175699599999905e+09
2.802175699599999905e+09
2.802175699599999905e+09
2.802175699599999905e+09
2.802175699599999905e+09
2.802175699599999905e+09
2.802175699599999905e+09
2.802175699599999905e+09
2.802175699599999905e+09
2.802175699599999905e+09
2.802175699599999905e+09
2.802175699599999905e+09
2.802175699599999905e+09
2.802175699599999905e+09
