2.787192050199999809e+09
2.654093830199999809e+09
2.604988135199999809e+09
2.517801392400000095e+09
2.465471498000000000e+09
2.393745417800000191e+09
2.385721317800000191e+09
2.329023118199999809e+09
2.323407206199999809e+09
2.280023028199999809e+09
2.260299393599999905e+09
2.257878460599999905e+09
2.245102268400000095e+09
2.224242849000000000e+09
2.207035294599999905e+09
2.178430574199999809e+09
2.171871837000000000e+09
2.164032430199999809e+09
2.160349393400000095e+09
2.152901090599999905e+09
2.132273145200000048e+09
2.119172847799999952e+09
2.118058280400000095e+09
2.116847696000000000e+09
2.112148319400000095e+09
2.093943700400000095e+09
2.090555875799999952e+09
2.087227267599999905e+09
2.084957431799999952e+09
2.075157006799999952e+09
2.073948604799999952e+09
2.072432739000000000e+09
2.072432739000000000e+09
2.072432739000000000e+09
2.068308350400000095e+09
2.067770282599999905e+09
2.067770282599999905e+09
2.067377202799999952e+09
2.066078651200000048e+09
2.065890332799999952e+09
2.065011049599999905e+09
2.064863949599999905e+09
2.062779169000000000e+09
2.062573605400000095e+09
2.062086187599999905e+09
2.061960292599999905e+09
2.061551967200000048e+09
2.061102718400000095e+09
2.060278849000000000e+09
2.059782705200000048e+09
2.059782705200000048e+09
2.059268825599999905e+09
2.058384591599999905e+09
2.058343765400000095e+09
2.058001016400000095e+09
2.057895511400000095e+09
2.056522413799999952e+09
2.056452048200000048e+09
2.055642006200000048e+09
2.055266131000000000e+09
2.055036251200000048e+09
2.054848270200000048e+09
2.054787455599999905e+09
2.054240807200000048e+09
2.053920691200000048e+09
2.053920691200000048e+09
2.053876198000000000e+09
2.053170198000000000e+09
2.052752222200000048e+09
2.052740242599999905e+09
2.052623558200000048e+09
2.052623558200000048e+09
2.052623558200000048e+09
2.052491410799999952e+09
2.052250758599999905e+09
2.052225776200000048e+09
2.052225776200000048e+09
2.052066116400000095e+09
2.052048768200000048e+09
2.051967164000000000e+09
2.051882359000000000e+09
2.051830906200000048e+09
2.051759295000000000e+09
2.051576281000000000e+09
2.051517477000000000e+09
2.051462227200000048e+09
2.051435846599999905e+09
2.051287259799999952e+09
2.051287259799999952e+09
2.051287259799999952e+09
2.051287259799999952e+09
2.051287259799999952e+09
2.051136765000000000e+09
2.051136765000000000e+09
2.051136765000000000e+09
2.051118066599999905e+09
2.051098037000000000e+09
2.051098037000000000e+09
2.051098037000000000e+09
2.051055050400000095e+09
2.051055050400000095e+09
2.051055050400000095e+09
2.050962332200000048e+09
2.050909717200000048e+09
2.050908297200000048e+09
2.050905529599999905e+09
2.050905529599999905e+09
2.050823063799999952e+09
2.050823063799999952e+09
2.050823063799999952e+09
2.050781755599999905e+09
2.050781755599999905e+09
2.050781755599999905e+09
2.050767278799999952e+09
2.050767278799999952e+09
2.050767278799999952e+09
2.050696441799999952e+09
2.050668823200000048e+09
2.050668823200000048e+09
2.050668823200000048e+09
2.050668823200000048e+09
2.050643476400000095e+09
2.050643476400000095e+09
2.050381011400000095e+09
2.050381011400000095e+09
2.050381011400000095e+09
2.050381011400000095e+09
2.050381011400000095e+09
2.050381011400000095e+09
2.050381011400000095e+09
2.050381011400000095e+09
2.050381011400000095e+09
2.050359674400000095e+09
2.050286172599999905e+09
2.050286172599999905e+09
2.050286172599999905e+09
2.050260843200000048e+09
2.050223278400000095e+09
2.050223278400000095e+09
2.050223278400000095e+09
2.050223278400000095e+09
2.050210736799999952e+09
2.050107844000000000e+09
2.050107844000000000e+09
2.050107844000000000e+09
2.050085345000000000e+09
2.050085345000000000e+09
2.050068331000000000e+09
2.050068331000000000e+09
2.050068331000000000e+09
2.050063107200000048e+09
2.050063107200000048e+09
2.050063107200000048e+09
2.050063107200000048e+09
2.050024179200000048e+09
2.050009702400000095e+09
2.049984355599999905e+09
2.049984355599999905e+09
2.049984355599999905e+09
2.049984355599999905e+09
2.049984355599999905e+09
2.049984355599999905e+09
2.049984355599999905e+09
2.049984355599999905e+09
2.049984355599999905e+09
2.049984355599999905e+09
2.049981442599999905e+09
2.049981442599999905e+09
2.049910094799999952e+09
2.049910094799999952e+09
2.049910094799999952e+09
2.049910094799999952e+09
2.049910094799999952e+09
2.049907327200000048e+09
2.049907327200000048e+09
2.049907327200000048e+09
2.049907327200000048e+09
2.049907327200000048e+09
2.049907327200000048e+09
2.049907327200000048e+09
2.049895552599999905e+09
2.049895552599999905e+09
2.049895552599999905e+09
2.049895552599999905e+09
2.049895552599999905e+09
2.049883011000000000e+09
2.049861931400000095e+09
2.049861931400000095e+09
2.049861931400000095e+09
2.049861931400000095e+09
2.049796850200000048e+09
2.049796850200000048e+09
2.049796850200000048e+09
2.049796850200000048e+09
2.049796850200000048e+09
2.049784011599999905e+09
2.049784011599999905e+09
2.049784011599999905e+09
2.049784011599999905e+09
2.049784011599999905e+09
2.049784011599999905e+09
2.049784011599999905e+09
2.049784011599999905e+09
2.049784011599999905e+09
2.049784011599999905e+09
2.049781244000000000e+09
2.049781244000000000e+09
2.049781244000000000e+09
2.049781244000000000e+09
2.049781244000000000e+09
2.049781244000000000e+09
2.049768702400000095e+09
2.049768702400000095e+09
2.049768702400000095e+09
2.049768702400000095e+09
2.049768702400000095e+09
2.049768702400000095e+09
2.049768702400000095e+09
2.049768702400000095e+09
2.049768702400000095e+09
2.049768702400000095e+09
2.049768702400000095e+09
2.049768702400000095e+09
2.049768702400000095e+09
2.049768702400000095e+09
2.049768702400000095e+09
2.049768702400000095e+09
2.049768702400000095e+09
2.049768702400000095e+09
2.049768702400000095e+09
2.049768702400000095e+09
2.049756160799999952e+09
2.049754827000000000e+09
2.049754827000000000e+09
2.049754827000000000e+09
2.049754827000000000e+09
2.049730831400000095e+09
2.049730831400000095e+09
2.049730831400000095e+09
2.049730831400000095e+09
2.049730831400000095e+09
2.049730831400000095e+09
2.049730831400000095e+09
2.049730831400000095e+09
2.049730831400000095e+09
2.049730831400000095e+09
2.049729411400000095e+09
2.049729411400000095e+09
2.049729411400000095e+09
2.049729411400000095e+09
2.049729411400000095e+09
2.049729411400000095e+09
2.049729411400000095e+09
2.049729411400000095e+09
2.049729411400000095e+09
2.049729411400000095e+09
2.049729411400000095e+09
2.049729411400000095e+09
2.049729411400000095e+09
2.049729411400000095e+09
2.049729411400000095e+09
2.049729411400000095e+09
2.049729411400000095e+09
2.049729411400000095e+09
2.049729411400000095e+09
2.049729411400000095e+09
2.049729411400000095e+09
2.049729411400000095e+09
2.049729411400000095e+09
2.049729411400000095e+09
2.049729411400000095e+09
2.049729411400000095e+09
2.049729411400000095e+09
2.049729411400000095e+09
2.049729411400000095e+09
2.049729411400000095e+09
2.049729411400000095e+09
2.049729411400000095e+09
2.049729411400000095e+09
2.049729411400000095e+09
2.049729411400000095e+09
2.049729411400000095e+09
2.049729411400000095e+09
2.049729411400000095e+09
2.049729411400000095e+09
2.049729411400000095e+09
2.049729411400000095e+09
2.049729411400000095e+09
2.049729411400000095e+09
2.049729411400000095e+09
2.049729411400000095e+09
2.049729411400000095e+09
2.049729411400000095e+09
2.049729411400000095e+09
2.049729411400000095e+09
2.049729411400000095e+09
2.049729411400000095e+09
2.049729411400000095e+09
2.049729411400000095e+09
2.049729411400000095e+09
2.049729411400000095e+09
