6.643287273399999619e+09
6.541203032000000000e+09
6.498583647800000191e+09
6.405206867199999809e+09
6.284565905399999619e+09
6.232978194000000000e+09
6.207944549600000381e+09
6.178332498000000000e+09
6.024231451000000000e+09
5.946490760399999619e+09
5.930379353600000381e+09
5.906517152800000191e+09
5.827408364600000381e+09
5.788108186000000000e+09
5.689024700199999809e+09
5.681473469199999809e+09
5.679693357399999619e+09
5.673048610800000191e+09
5.633666583800000191e+09
5.614995822800000191e+09
5.605749153000000000e+09
5.599015274800000191e+09
5.589529400000000000e+09
5.563658738199999809e+09
5.552555232000000000e+09
5.551973195000000000e+09
5.548862176199999809e+09
5.532011785800000191e+09
5.525705053399999619e+09
5.521699043399999619e+09
5.515451307000000000e+09
5.515451307000000000e+09
5.515451307000000000e+09
5.515161531199999809e+09
5.513465342000000000e+09
5.513032366399999619e+09
5.512399626600000381e+09
5.507467554199999809e+09
5.504159517399999619e+09
5.504159517399999619e+09
5.504159517399999619e+09
5.501588611800000191e+09
5.501570756199999809e+09
5.500221232199999809e+09
5.498516774600000381e+09
5.497160241399999619e+09
5.495548358000000000e+09
5.493413083800000191e+09
5.493350783199999809e+09
5.492127930600000381e+09
5.490959920600000381e+09
5.489426670600000381e+09
5.489321273199999809e+09
5.489152440600000381e+09
5.489074617000000000e+09
5.489074617000000000e+09
5.488397781800000191e+09
5.485151738800000191e+09
5.485151738800000191e+09
5.485151738800000191e+09
5.483882726600000381e+09
5.483162099399999619e+09
5.482825812199999809e+09
5.481981905000000000e+09
5.481763831199999809e+09
5.481595674000000000e+09
5.480835281800000191e+09
5.480745294600000381e+09
5.480613734199999809e+09
5.480256907800000191e+09
5.479424070600000381e+09
5.479380230600000381e+09
5.479368006600000381e+09
5.479266738199999809e+09
5.479175503000000000e+09
5.479175503000000000e+09
5.479041261199999809e+09
5.478840357199999809e+09
5.478635153399999619e+09
5.478108193800000191e+09
5.477942138399999619e+09
5.477925546399999619e+09
5.477925546399999619e+09
5.477925546399999619e+09
5.477786572199999809e+09
5.477727504000000000e+09
5.477644899199999809e+09
5.477644899199999809e+09
5.477644899199999809e+09
5.477622733800000191e+09
5.477537005000000000e+09
5.477480825000000000e+09
5.477422594600000381e+09
5.477422594600000381e+09
5.477422594600000381e+09
5.477263242199999809e+09
5.477263242199999809e+09
5.477263242199999809e+09
5.477252064800000191e+09
5.477235472800000191e+09
5.477177958800000191e+09
5.477176986800000191e+09
5.477154326399999619e+09
5.477154326399999619e+09
5.477154326399999619e+09
5.477154326399999619e+09
5.477128790199999809e+09
5.477128790199999809e+09
5.477128790199999809e+09
5.477125894600000381e+09
5.477032353399999619e+09
5.477018864199999809e+09
5.476996203800000191e+09
5.476996203800000191e+09
5.476952725000000000e+09
5.476952725000000000e+09
5.476888697800000191e+09
5.476866037399999619e+09
5.476866037399999619e+09
5.476866037399999619e+09
5.476866037399999619e+09
5.476866037399999619e+09
5.476813559800000191e+09
5.476813559800000191e+09
5.476813559800000191e+09
5.476795983000000000e+09
5.476795983000000000e+09
5.476760413000000000e+09
5.476760413000000000e+09
5.476710167600000381e+09
5.476634160399999619e+09
5.476634160399999619e+09
5.476604606199999809e+09
5.476604606199999809e+09
5.476604606199999809e+09
5.476604606199999809e+09
5.476372259000000000e+09
5.476372259000000000e+09
5.476365007800000191e+09
5.476365007800000191e+09
5.476332552199999809e+09
5.476332552199999809e+09
5.476332552199999809e+09
5.476332552199999809e+09
5.476332552199999809e+09
5.476332552199999809e+09
5.476332552199999809e+09
5.476330279800000191e+09
5.476330279800000191e+09
5.476325021399999619e+09
5.476254272600000381e+09
5.476254272600000381e+09
5.476254272600000381e+09
5.476254272600000381e+09
5.476179957800000191e+09
5.476174699399999619e+09
5.476174699399999619e+09
5.476174699399999619e+09
5.476174699399999619e+09
5.476168644600000381e+09
5.476168644600000381e+09
5.476168644600000381e+09
5.476163373399999619e+09
5.476163373399999619e+09
5.476163373399999619e+09
5.476163373399999619e+09
5.476119894600000381e+09
5.476119894600000381e+09
5.476119894600000381e+09
5.476119894600000381e+09
5.476119894600000381e+09
5.476119894600000381e+09
5.476119894600000381e+09
5.476119894600000381e+09
5.476113839800000191e+09
5.476113839800000191e+09
5.476113839800000191e+09
5.476113839800000191e+09
5.476113839800000191e+09
5.476113839800000191e+09
5.476113839800000191e+09
5.476113839800000191e+09
5.476113839800000191e+09
5.476111567399999619e+09
5.476111567399999619e+09
5.476091506000000000e+09
5.476091506000000000e+09
5.476091506000000000e+09
5.476086247600000381e+09
5.476086247600000381e+09
5.476086247600000381e+09
5.476086247600000381e+09
5.476086247600000381e+09
5.476086247600000381e+09
5.476086247600000381e+09
5.476030434000000000e+09
5.476030434000000000e+09
5.476030434000000000e+09
5.476030434000000000e+09
5.476030434000000000e+09
5.476030434000000000e+09
5.476030434000000000e+09
5.476030434000000000e+09
5.476030434000000000e+09
5.476030434000000000e+09
5.476030434000000000e+09
5.476030434000000000e+09
5.476030434000000000e+09
5.476030434000000000e+09
5.476030434000000000e+09
5.476030434000000000e+09
5.476030434000000000e+09
5.476030434000000000e+09
5.476030434000000000e+09
5.476030434000000000e+09
5.476030434000000000e+09
5.476030434000000000e+09
5.476030434000000000e+09
5.476030434000000000e+09
5.476030434000000000e+09
5.476030434000000000e+09
5.476030434000000000e+09
5.476030434000000000e+09
5.476030434000000000e+09
5.476030434000000000e+09
5.476030434000000000e+09
5.476030434000000000e+09
5.476030434000000000e+09
5.476030434000000000e+09
5.476030434000000000e+09
5.476030434000000000e+09
5.476030434000000000e+09
5.476030434000000000e+09
5.476030434000000000e+09
5.476030434000000000e+09
5.476030434000000000e+09
5.476030434000000000e+09
5.476030434000000000e+09
5.476030434000000000e+09
5.476030434000000000e+09
5.476030434000000000e+09
5.476030434000000000e+09
5.476030434000000000e+09
5.476030434000000000e+09
5.476030434000000000e+09
5.476030434000000000e+09
5.476030434000000000e+09
5.476030434000000000e+09
5.476030434000000000e+09
5.476030434000000000e+09
5.476030434000000000e+09
5.476030434000000000e+09
5.476030434000000000e+09
5.476030434000000000e+09
5.476030434000000000e+09
5.476030434000000000e+09
5.476030434000000000e+09
5.476030434000000000e+09
5.476030434000000000e+09
5.476030434000000000e+09
5.476030434000000000e+09
5.476030434000000000e+09
5.476030434000000000e+09
5.476030434000000000e+09
5.476030434000000000e+09
5.476030434000000000e+09
5.476030434000000000e+09
5.476030434000000000e+09
5.476023182800000191e+09
5.476023182800000191e+09
5.476023182800000191e+09
5.476023182800000191e+09
5.476023182800000191e+09
5.476023182800000191e+09
5.476023182800000191e+09
5.476023182800000191e+09
5.476023182800000191e+09
5.476023182800000191e+09
5.476023182800000191e+09
5.476023182800000191e+09
5.476023182800000191e+09
5.476023182800000191e+09
5.476023182800000191e+09
5.476023182800000191e+09
5.476023182800000191e+09
5.476023182800000191e+09
5.476023182800000191e+09
5.476023182800000191e+09
5.476023182800000191e+09
5.476023182800000191e+09
5.476023182800000191e+09
5.476023182800000191e+09
5.476023182800000191e+09
5.476023182800000191e+09
5.476023182800000191e+09
5.476023182800000191e+09
5.476023182800000191e+09
5.476023182800000191e+09
5.476023182800000191e+09
5.476023182800000191e+09
5.476023182800000191e+09
