2.204047658000000119e+08
2.139610738000000119e+08
2.100207655999999940e+08
2.010331438000000119e+08
1.960845068000000119e+08
1.857929195999999940e+08
1.800072350000000000e+08
1.779391905999999940e+08
1.690396588000000119e+08
1.641389710000000000e+08
1.625752530000000000e+08
1.602813158000000119e+08
1.561205190000000000e+08
1.540134900000000000e+08
1.524152475999999940e+08
1.484514618000000119e+08
1.468541424000000060e+08
1.440074834000000060e+08
1.434374808000000119e+08
1.425553974000000060e+08
1.425553974000000060e+08
1.412734181999999881e+08
1.409035094000000060e+08
1.397255255999999940e+08
1.388386600000000000e+08
1.384960524000000060e+08
1.379035481999999881e+08
1.369558321999999881e+08
1.359516670000000000e+08
1.345305048000000119e+08
1.344396135999999940e+08
1.330034147999999970e+08
1.330034147999999970e+08
1.330034147999999970e+08
1.325395844000000060e+08
1.323955162000000030e+08
1.314483694000000060e+08
1.311526445999999940e+08
1.308872007999999970e+08
1.304980144000000060e+08
1.302788385999999940e+08
1.295116632000000030e+08
1.291708160000000000e+08
1.289482512000000030e+08
1.287138257999999970e+08
1.287138257999999970e+08
1.282627380000000000e+08
1.282482082000000030e+08
1.280726122000000030e+08
1.279190864000000060e+08
1.275891324000000060e+08
1.274194637999999970e+08
1.273999387999999970e+08
1.266326370000000000e+08
1.259933804000000060e+08
1.259924967999999970e+08
1.256284445999999940e+08
1.255671482000000030e+08
1.254753567999999970e+08
1.251916830000000000e+08
1.250942404000000060e+08
1.247831004000000060e+08
1.244987332000000030e+08
1.243790270000000000e+08
1.241029365999999940e+08
1.235663490000000000e+08
1.234511880000000000e+08
1.231472077999999970e+08
1.230867460000000000e+08
1.228231584000000060e+08
1.227896680000000000e+08
1.226959287999999970e+08
1.222209885999999940e+08
1.222209885999999940e+08
1.219665387999999970e+08
1.218067324000000060e+08
1.218067324000000060e+08
1.217303832000000030e+08
1.215392105999999940e+08
1.214257527999999970e+08
1.211560954000000060e+08
1.209536515999999940e+08
1.208207690000000000e+08
1.206052357999999970e+08
1.204820837999999970e+08
1.204098582000000030e+08
1.202436550000000000e+08
1.202131882000000030e+08
1.200149995999999940e+08
1.198568952000000030e+08
1.197269880000000000e+08
1.197101320000000000e+08
1.196063227999999970e+08
1.195353714000000060e+08
1.194716340000000000e+08
1.193956664000000060e+08
1.192327305999999940e+08
1.191122397999999970e+08
1.190407654000000060e+08
1.188114515999999940e+08
1.187594584000000060e+08
1.187135944000000060e+08
1.185278630000000000e+08
1.184973310000000000e+08
1.184174127999999970e+08
1.183565892000000030e+08
1.183356782000000030e+08
1.182706925999999940e+08
1.181842920000000000e+08
1.181633830000000000e+08
1.181509537999999970e+08
1.179698484000000060e+08
1.179314420000000000e+08
1.179187574000000060e+08
1.178560474000000060e+08
1.177663437999999970e+08
1.177222342000000030e+08
1.177222342000000030e+08
1.177034324000000060e+08
1.176535290000000000e+08
1.175285322000000030e+08
1.175213024000000060e+08
1.173962502000000030e+08
1.172886704000000060e+08
1.172825017999999970e+08
1.172102030000000000e+08
1.171504284000000060e+08
1.171220717999999970e+08
1.170907237999999970e+08
1.170907237999999970e+08
1.170133837999999970e+08
1.169803607999999970e+08
1.169701032000000030e+08
1.169226125999999940e+08
1.169025587999999970e+08
1.168604335999999940e+08
1.168454104000000060e+08
1.168186962000000030e+08
1.168043532000000030e+08
1.167952272000000030e+08
1.167469352000000030e+08
1.166941214000000060e+08
1.166912070000000000e+08
1.166912070000000000e+08
1.166069790000000000e+08
1.165723147999999970e+08
1.165723147999999970e+08
1.165298267999999970e+08
1.164612554000000060e+08
1.164342024000000060e+08
1.164284004000000060e+08
1.164069847999999970e+08
1.163853530000000000e+08
1.163805270000000000e+08
1.163374040000000000e+08
1.162845475999999940e+08
1.162494997999999970e+08
1.162361070000000000e+08
1.162128252000000030e+08
1.161983467999999970e+08
1.161654027999999970e+08
1.161626617999999970e+08
1.161304935999999940e+08
1.160985965999999940e+08
1.160760495999999940e+08
1.160599384000000060e+08
1.160459762000000030e+08
1.160403250000000000e+08
1.160178664000000060e+08
1.160105362000000030e+08
1.159867415999999940e+08
1.159699885999999940e+08
1.159440624000000060e+08
1.159378674000000060e+08
1.159233592000000030e+08
1.159053542000000030e+08
1.158790874000000060e+08
1.158743214000000060e+08
1.158489530000000000e+08
1.158376624000000060e+08
1.158337067999999970e+08
1.158290027999999970e+08
1.157958305999999940e+08
1.157958305999999940e+08
1.157893704000000060e+08
1.157843962000000030e+08
1.157795260000000000e+08
1.157780314000000060e+08
1.157619892000000030e+08
1.157600944000000060e+08
1.157580157999999970e+08
1.157476355999999940e+08
1.157285774000000060e+08
1.157107344000000060e+08
1.157089787999999970e+08
1.156940144000000060e+08
1.156496752000000030e+08
1.156485087999999970e+08
1.156376880000000000e+08
1.156199914000000060e+08
1.156122062000000030e+08
1.156068560000000000e+08
1.155899310000000000e+08
1.155893725999999940e+08
1.155872204000000060e+08
1.155792804000000060e+08
1.155737454000000060e+08
1.155667245999999940e+08
1.155474030000000000e+08
1.155413207999999970e+08
1.155373200000000000e+08
1.155329550000000000e+08
1.155243552000000030e+08
1.155091790000000000e+08
1.155027642000000030e+08
1.154956337999999970e+08
1.154758525999999940e+08
1.154716784000000060e+08
1.154698272000000030e+08
1.154592022000000030e+08
1.154525245999999940e+08
1.154496747999999970e+08
1.154354825999999940e+08
1.154302382000000030e+08
1.154302382000000030e+08
1.154130160000000000e+08
1.154087542000000030e+08
1.154033274000000060e+08
1.153987702000000030e+08
1.153838852000000030e+08
1.153823424000000060e+08
1.153815052000000030e+08
1.153747555999999940e+08
1.153676120000000000e+08
1.153609095999999940e+08
1.153549014000000060e+08
1.153482770000000000e+08
1.153290472000000030e+08
1.153281855999999940e+08
1.153080764000000060e+08
1.152952222000000030e+08
1.152943770000000000e+08
1.152943770000000000e+08
1.152915335999999940e+08
1.152915335999999940e+08
1.152782424000000060e+08
1.152680900000000000e+08
1.152678677999999970e+08
1.152635675999999940e+08
1.152583250000000000e+08
1.152510525999999940e+08
1.152434642000000030e+08
1.152402712000000030e+08
1.152297030000000000e+08
1.152257275999999940e+08
1.152193282000000030e+08
1.152127020000000000e+08
1.152048522000000030e+08
1.151962842000000030e+08
1.151864940000000000e+08
1.151764960000000000e+08
1.151665795999999940e+08
1.151602104000000060e+08
1.151578492000000030e+08
1.151554500000000000e+08
1.151554500000000000e+08
1.151537327999999970e+08
1.151490387999999970e+08
1.151466340000000000e+08
1.151457590000000000e+08
1.151447150000000000e+08
1.151347557999999970e+08
1.151329247999999970e+08
1.151279380000000000e+08
1.151253537999999970e+08
1.151240440000000000e+08
1.151155115999999940e+08
1.151142564000000060e+08
1.151139215999999940e+08
1.151135830000000000e+08
1.151108645999999940e+08
1.151050115999999940e+08
1.151034534000000060e+08
1.150985810000000000e+08
1.150966770000000000e+08
1.150945275999999940e+08
1.150920850000000000e+08
1.150777774000000060e+08
1.150709442000000030e+08
1.150661562000000030e+08
1.150655682000000030e+08
1.150571872000000030e+08
1.150571872000000030e+08
1.150536430000000000e+08
1.150493854000000060e+08
1.150493854000000060e+08
1.150469884000000060e+08
1.150463115999999940e+08
1.150454362000000030e+08
1.150360625999999940e+08
1.150360625999999940e+08
