7.129291267999999523e+08
6.892791980000000000e+08
6.408851183999999762e+08
6.248722627999999523e+08
6.242358172000000477e+08
5.831456616000000238e+08
5.507213940000000000e+08
5.468195547999999523e+08
5.331706863999999762e+08
5.280652331999999881e+08
5.159954060000000000e+08
5.121218108000000119e+08
5.091273103999999762e+08
4.906270940000000000e+08
4.805137571999999881e+08
4.784666680000000000e+08
4.720046343999999762e+08
4.667649751999999881e+08
4.637585151999999881e+08
4.581887191999999881e+08
4.541674528000000119e+08
4.511811016000000238e+08
4.502574160000000000e+08
4.473731291999999881e+08
4.464314243999999762e+08
4.383969628000000119e+08
4.356018000000000000e+08
4.348938868000000119e+08
4.346824663999999762e+08
4.291687260000000000e+08
4.285033280000000000e+08
4.281141131999999881e+08
4.247835763999999762e+08
4.230699711999999881e+08
4.215419163999999762e+08
4.177119191999999881e+08
4.177119191999999881e+08
4.165837640000000000e+08
4.156909863999999762e+08
4.131379560000000000e+08
4.120036823999999762e+08
4.120036823999999762e+08
4.114202291999999881e+08
4.111046591999999881e+08
4.109963260000000000e+08
4.102676680000000000e+08
4.087359848000000119e+08
4.080932903999999762e+08
4.069459256000000238e+08
4.068662983999999762e+08
4.055495400000000000e+08
4.055495400000000000e+08
4.055495400000000000e+08
4.043578071999999881e+08
4.043176996000000238e+08
4.038549183999999762e+08
4.024530148000000119e+08
4.012986628000000119e+08
4.008764716000000238e+08
4.008764716000000238e+08
3.989862471999999881e+08
3.989183960000000000e+08
3.970794560000000000e+08
3.965015963999999762e+08
3.956375816000000238e+08
3.946981568000000119e+08
3.946221816000000238e+08
3.940792888000000119e+08
3.930821120000000000e+08
3.916711376000000238e+08
3.911787140000000000e+08
3.908986351999999881e+08
3.906605316000000238e+08
3.903141563999999762e+08
3.899217451999999881e+08
3.894363660000000000e+08
3.893579588000000119e+08
3.889872248000000119e+08
3.889225648000000119e+08
3.887596656000000238e+08
3.878843903999999762e+08
3.876048763999999762e+08
3.873072200000000000e+08
3.871388988000000119e+08
3.866045908000000119e+08
3.865555451999999881e+08
3.864005051999999881e+08
3.863324123999999762e+08
3.859077991999999881e+08
3.856118268000000119e+08
3.855354996000000238e+08
3.851020031999999881e+08
3.844902880000000000e+08
3.843322780000000000e+08
3.840963991999999881e+08
3.839428900000000000e+08
3.834377511999999881e+08
3.834186988000000119e+08
3.830743960000000000e+08
3.829683211999999881e+08
3.829144928000000119e+08
3.828617051999999881e+08
3.826803980000000000e+08
3.826606020000000000e+08
3.825652640000000000e+08
3.822390111999999881e+08
3.821147156000000238e+08
3.819458003999999762e+08
3.817621208000000119e+08
3.817238156000000238e+08
3.814372883999999762e+08
3.811640876000000238e+08
3.811552668000000119e+08
3.810374180000000000e+08
3.807820280000000000e+08
3.806235060000000000e+08
3.805852340000000000e+08
3.802947896000000238e+08
3.802770868000000119e+08
3.802008171999999881e+08
3.801055316000000238e+08
3.798922996000000238e+08
3.798719976000000238e+08
3.796482731999999881e+08
3.795419088000000119e+08
3.794736743999999762e+08
3.792942611999999881e+08
3.791524051999999881e+08
3.789099763999999762e+08
3.788969083999999762e+08
3.785685900000000000e+08
3.785151211999999881e+08
3.784466416000000238e+08
3.784035063999999762e+08
3.782858491999999881e+08
3.780868556000000238e+08
3.779337511999999881e+08
3.779337511999999881e+08
3.778958476000000238e+08
3.777870428000000119e+08
3.777511460000000000e+08
3.777493551999999881e+08
3.777255780000000000e+08
3.777119376000000238e+08
3.776611396000000238e+08
3.775727740000000000e+08
3.775401368000000119e+08
3.774491696000000238e+08
3.774303688000000119e+08
3.773621236000000238e+08
3.772489951999999881e+08
3.771536088000000119e+08
3.769782783999999762e+08
3.768179611999999881e+08
3.767824248000000119e+08
3.767281523999999762e+08
3.766612388000000119e+08
3.765406883999999762e+08
3.765293311999999881e+08
3.764723343999999762e+08
3.764121791999999881e+08
3.762373391999999881e+08
3.761430196000000238e+08
3.761232476000000238e+08
3.761043060000000000e+08
3.760769696000000238e+08
3.758558068000000119e+08
3.757485051999999881e+08
3.756898971999999881e+08
3.756638023999999762e+08
3.755841131999999881e+08
3.754412940000000000e+08
3.754256811999999881e+08
3.752727328000000119e+08
3.751791003999999762e+08
3.750889400000000000e+08
3.750868703999999762e+08
3.750159683999999762e+08
3.750068648000000119e+08
3.749955808000000119e+08
3.748866683999999762e+08
3.748512283999999762e+08
3.747803983999999762e+08
3.747803983999999762e+08
3.747734200000000000e+08
3.747626183999999762e+08
3.745711660000000000e+08
3.745530908000000119e+08
3.744718280000000000e+08
3.744308048000000119e+08
3.744047628000000119e+08
3.743675720000000000e+08
3.742695096000000238e+08
3.742687828000000119e+08
3.742600488000000119e+08
3.741820128000000119e+08
3.741035528000000119e+08
3.740925520000000000e+08
3.740244271999999881e+08
3.739693603999999762e+08
3.739232696000000238e+08
3.739219743999999762e+08
3.739111131999999881e+08
3.738782356000000238e+08
3.738782356000000238e+08
3.738679068000000119e+08
3.738377180000000000e+08
3.738377180000000000e+08
3.738096196000000238e+08
3.737637023999999762e+08
3.737200256000000238e+08
3.736110876000000238e+08
3.735890636000000238e+08
3.734315943999999762e+08
3.734170363999999762e+08
3.733845528000000119e+08
3.733626103999999762e+08
3.733610576000000238e+08
3.733439851999999881e+08
3.733283811999999881e+08
3.733233831999999881e+08
3.732931183999999762e+08
3.732886120000000000e+08
3.732790888000000119e+08
3.731877576000000238e+08
3.731763948000000119e+08
3.731601896000000238e+08
3.731562740000000000e+08
3.731512760000000000e+08
3.729755883999999762e+08
3.729725476000000238e+08
3.729512620000000000e+08
3.729003791999999881e+08
3.728842980000000000e+08
3.728842980000000000e+08
3.728702320000000000e+08
3.728551851999999881e+08
3.728492203999999762e+08
3.728254180000000000e+08
3.728075800000000000e+08
3.727568100000000000e+08
3.726896900000000000e+08
3.726896900000000000e+08
3.726386503999999762e+08
3.726359431999999881e+08
3.725825711999999881e+08
3.725695168000000119e+08
3.725525448000000119e+08
3.725423088000000119e+08
3.725327060000000000e+08
3.725316600000000000e+08
3.725279248000000119e+08
3.724490956000000238e+08
3.724358380000000000e+08
3.724157863999999762e+08
3.723807296000000238e+08
3.723758651999999881e+08
3.723621328000000119e+08
3.723553936000000238e+08
3.723239700000000000e+08
3.723158791999999881e+08
3.723158791999999881e+08
3.723131523999999762e+08
3.723116160000000000e+08
3.723060948000000119e+08
3.723034883999999762e+08
3.723022780000000000e+08
3.723022780000000000e+08
3.722825948000000119e+08
3.722799883999999762e+08
3.722799883999999762e+08
3.722799883999999762e+08
3.722547960000000000e+08
3.722498231999999881e+08
3.722187743999999762e+08
3.721904171999999881e+08
3.721391008000000119e+08
3.721354116000000238e+08
3.721152483999999762e+08
3.720859351999999881e+08
3.720671996000000238e+08
3.720453131999999881e+08
3.720358923999999762e+08
3.720224288000000119e+08
3.720150316000000238e+08
3.719836708000000119e+08
3.719831436000000238e+08
3.719756120000000000e+08
3.719687376000000238e+08
3.719399396000000238e+08
3.719350888000000119e+08
3.719239420000000000e+08
3.719239420000000000e+08
3.719049271999999881e+08
3.718410023999999762e+08
3.718254251999999881e+08
3.718235836000000238e+08
3.718194083999999762e+08
3.717809248000000119e+08
3.717761191999999881e+08
3.717719651999999881e+08
