1.349983398400000095e+09
1.327541227599999905e+09
1.306027678000000000e+09
1.271642688799999952e+09
1.238419138799999952e+09
1.237462358799999952e+09
1.227594818799999952e+09
1.213273049599999905e+09
1.206011792799999952e+09
1.191767496000000000e+09
1.170990976000000000e+09
1.165703918400000095e+09
1.157674962400000095e+09
1.152051828799999952e+09
1.149368262799999952e+09
1.137579512799999952e+09
1.133951673200000048e+09
1.133951673200000048e+09
1.130023182400000095e+09
1.118792887599999905e+09
1.115830525200000048e+09
1.110647287599999905e+09
1.108469193599999905e+09
1.105335768400000095e+09
1.104987611599999905e+09
1.098125454400000095e+09
1.093617434400000095e+09
1.092957942400000095e+09
1.091716184000000000e+09
1.090092900799999952e+09
1.088787436000000000e+09
1.088754817200000048e+09
1.088652605599999905e+09
1.088403858000000000e+09
1.084129360400000095e+09
1.081131068000000000e+09
1.078864911599999905e+09
1.078864911599999905e+09
1.076566531599999905e+09
1.075213099200000048e+09
1.073677212399999976e+09
1.073244014799999952e+09
1.072060154399999976e+09
1.070509394799999952e+09
1.070068386000000000e+09
1.068503138399999976e+09
1.068182218799999952e+09
1.068182218799999952e+09
1.067247632000000000e+09
1.065093985600000024e+09
1.064525754799999952e+09
1.063610047200000048e+09
1.063610047200000048e+09
1.062890026399999976e+09
1.061474202399999976e+09
1.060870730799999952e+09
1.059963175200000048e+09
1.059963175200000048e+09
1.058932488000000000e+09
1.058169741600000024e+09
1.055963798799999952e+09
1.055013676399999976e+09
1.052856642799999952e+09
1.050426750000000000e+09
1.048869805600000024e+09
1.048869805600000024e+09
1.047814730399999976e+09
1.047061812399999976e+09
1.045856062399999976e+09
1.044906288000000000e+09
1.044179115600000024e+09
1.043975646000000000e+09
1.043442338799999952e+09
1.042695285200000048e+09
1.040688881200000048e+09
1.040166770000000000e+09
1.039951854399999976e+09
1.039488616799999952e+09
1.039084592399999976e+09
1.038644547200000048e+09
1.038140990799999952e+09
1.037820962799999952e+09
1.036659304000000000e+09
1.036219649600000024e+09
1.036105125600000024e+09
1.035608424799999952e+09
1.035324132799999952e+09
1.035235963200000048e+09
1.034568279200000048e+09
1.034547118399999976e+09
1.034097703200000048e+09
1.033676034399999976e+09
1.033548780399999976e+09
1.033514328799999952e+09
1.033084215200000048e+09
1.032732590799999952e+09
1.032522043600000024e+09
1.032432926000000000e+09
1.031999846000000000e+09
1.031421629200000048e+09
1.031323415200000048e+09
1.031072766399999976e+09
1.030826143200000048e+09
1.030664650799999952e+09
1.030542598799999952e+09
1.030382312000000000e+09
1.030160657200000048e+09
1.029546711600000024e+09
1.029471704000000000e+09
1.029401264000000000e+09
1.028744618799999952e+09
1.028698123200000048e+09
1.028318992000000000e+09
1.028210860399999976e+09
1.028167365600000024e+09
1.028051128399999976e+09
1.027641111200000048e+09
1.027567904000000000e+09
1.027532772799999952e+09
1.027448578399999976e+09
1.027218040799999952e+09
1.027190559600000024e+09
1.027116329200000048e+09
1.026972495200000048e+09
1.026938448799999952e+09
1.026702099200000048e+09
1.026574775200000048e+09
1.026554283600000024e+09
1.026541773200000048e+09
1.026377998000000000e+09
1.025979218000000000e+09
1.025967566000000000e+09
1.025865909600000024e+09
1.025669665600000024e+09
1.025580748799999952e+09
1.025459256000000000e+09
1.025318559600000024e+09
1.025318559600000024e+09
1.025190588799999952e+09
1.025021422399999976e+09
1.024779241600000024e+09
1.024729936799999952e+09
1.024684518399999976e+09
1.024684518399999976e+09
1.024684518399999976e+09
1.024609199200000048e+09
1.024494813200000048e+09
1.024352636799999952e+09
1.024316106799999952e+09
1.024269039200000048e+09
1.024136382399999976e+09
1.023902884799999952e+09
1.023595674399999976e+09
1.023535128399999976e+09
1.023395517200000048e+09
1.023335684000000000e+09
1.023120110399999976e+09
1.023056370399999976e+09
1.022852946799999952e+09
1.022715614000000000e+09
1.022715614000000000e+09
1.022550406000000000e+09
1.022473596000000000e+09
1.022449424799999952e+09
1.022399295200000048e+09
1.022356805600000024e+09
1.022313421200000048e+09
1.022209435200000048e+09
1.022176650799999952e+09
1.022120263600000024e+09
1.022054525600000024e+09
1.022009039200000048e+09
1.021972624799999952e+09
1.021768502799999952e+09
1.021720880799999952e+09
1.021610613200000048e+09
1.021561873600000024e+09
1.021533456799999952e+09
1.021457987600000024e+09
1.021454660399999976e+09
1.021420171200000048e+09
1.021396918000000000e+09
1.021321948399999976e+09
1.021215014799999952e+09
1.021155304000000000e+09
1.020999120799999952e+09
1.020936988000000000e+09
1.020785625600000024e+09
1.020764924000000000e+09
1.020725862799999952e+09
1.020590230799999952e+09
1.020570215200000048e+09
1.020545286799999952e+09
1.020519553600000024e+09
1.020471365600000024e+09
1.020470520399999976e+09
1.020354278799999952e+09
1.020338614399999976e+09
1.020286170000000000e+09
1.020250512000000000e+09
1.020033528399999976e+09
1.020017686799999952e+09
1.019954796399999976e+09
1.019908083600000024e+09
1.019896239200000048e+09
1.019813800000000000e+09
1.019767722399999976e+09
1.019753641200000048e+09
1.019715832000000000e+09
1.019706147600000024e+09
1.019666016399999976e+09
1.019602527600000024e+09
1.019595275600000024e+09
1.019573986000000000e+09
1.019573986000000000e+09
1.019532371600000024e+09
1.019514808000000000e+09
1.019514808000000000e+09
1.019468355200000048e+09
1.019464982399999976e+09
1.019434776399999976e+09
1.019404310000000000e+09
1.019403204000000000e+09
1.019372357200000048e+09
1.019363747600000024e+09
1.019318812000000000e+09
1.019313141200000048e+09
1.019282160799999952e+09
1.019269598000000000e+09
1.019259335200000048e+09
1.019065424000000000e+09
1.019065424000000000e+09
1.019054224399999976e+09
1.019054224399999976e+09
1.019029910799999952e+09
1.019019306799999952e+09
1.018999911200000048e+09
1.018977684399999976e+09
1.018948400799999952e+09
1.018924990000000000e+09
1.018913427600000024e+09
1.018912908399999976e+09
1.018869190000000000e+09
1.018852866000000000e+09
1.018833336000000000e+09
1.018813273600000024e+09
1.018809242399999976e+09
1.018788599200000048e+09
1.018766302799999952e+09
1.018766302799999952e+09
1.018749464000000000e+09
1.018736776000000000e+09
1.018697407200000048e+09
1.018697407200000048e+09
1.018682526000000000e+09
1.018608193600000024e+09
1.018600050399999976e+09
1.018600050399999976e+09
1.018597074399999976e+09
1.018500646000000000e+09
1.018488192799999952e+09
1.018487666799999952e+09
1.018451593200000048e+09
1.018444750799999952e+09
1.018432099200000048e+09
1.018415793200000048e+09
1.018415793200000048e+09
1.018415793200000048e+09
1.018390360000000000e+09
1.018373553600000024e+09
1.018369350399999976e+09
1.018369350399999976e+09
1.018366253600000024e+09
1.018356822799999952e+09
1.018356554000000000e+09
1.018351651600000024e+09
1.018351562000000000e+09
1.018325238399999976e+09
1.018315910000000000e+09
1.018303703600000024e+09
1.018301117200000048e+09
1.018263938399999976e+09
1.018261161600000024e+09
1.018260443600000024e+09
1.018260443600000024e+09
1.018211884399999976e+09
1.018197362799999952e+09
1.018173674399999976e+09
1.018146210799999952e+09
1.018143013200000048e+09
1.018143013200000048e+09
1.018132892799999952e+09
1.018121270799999952e+09
1.018120972399999976e+09
1.018110233600000024e+09
1.018106602399999976e+09
1.018105717600000024e+09
1.018087968000000000e+09
1.018064764399999976e+09
1.018056545600000024e+09
1.018056545600000024e+09
