7.257923151199999809e+09
7.219887805199999809e+09
7.110458247399999619e+09
7.082345044399999619e+09
7.019401290000000000e+09
6.980342855600000381e+09
6.958726140399999619e+09
6.917888147800000191e+09
6.878461053000000000e+09
6.845902846199999809e+09
6.835867779600000381e+09
6.803648272399999619e+09
6.773316049199999809e+09
6.755853583800000191e+09
6.742364117800000191e+09
6.720658700800000191e+09
6.713238230399999619e+09
6.703426843199999809e+09
6.694204094199999809e+09
6.680562665600000381e+09
6.676916993000000000e+09
6.672693244600000381e+09
6.663424090399999619e+09
6.659790092800000191e+09
6.656820029000000000e+09
6.652633202600000381e+09
6.645501087399999619e+09
6.642762117600000381e+09
6.621053820000000000e+09
6.618271749199999809e+09
6.613539464800000191e+09
6.607907554000000000e+09
6.603349755000000000e+09
6.594475133399999619e+09
6.592137477800000191e+09
6.583819692000000000e+09
6.580298099399999619e+09
6.578936096399999619e+09
6.574025392199999809e+09
6.572115585600000381e+09
6.565769293399999619e+09
6.564743330800000191e+09
6.561939015399999619e+09
6.559224032199999809e+09
6.558049399199999809e+09
6.557432403600000381e+09
6.555810293600000381e+09
6.549330093199999809e+09
6.548170168000000000e+09
6.548170168000000000e+09
6.546745639199999809e+09
6.545445211600000381e+09
6.543589750399999619e+09
6.542290922600000381e+09
6.541524464800000191e+09
6.539034847399999619e+09
6.536768127600000381e+09
6.533859999000000000e+09
6.533736450600000381e+09
6.532735184399999619e+09
6.530793917399999619e+09
6.529456636800000191e+09
6.525935429600000381e+09
6.523503554199999809e+09
6.523215279199999809e+09
6.521959689399999619e+09
6.521184590000000000e+09
6.519206532199999809e+09
6.518465294600000381e+09
6.518084228399999619e+09
6.515989597000000000e+09
6.515705403800000191e+09
6.513577117199999809e+09
6.511654772800000191e+09
6.511457259000000000e+09
6.510437050399999619e+09
6.509222219000000000e+09
6.508608711600000381e+09
6.508402065600000381e+09
6.508181967800000191e+09
6.507983483600000381e+09
6.507749916399999619e+09
6.506011993399999619e+09
6.502954530800000191e+09
6.502039559600000381e+09
6.501596031600000381e+09
6.501265362800000191e+09
6.500099532800000191e+09
6.500060081399999619e+09
6.499923182800000191e+09
6.499711303800000191e+09
6.499252139399999619e+09
6.498617447000000000e+09
6.498353772000000000e+09
6.498248085399999619e+09
6.497808833199999809e+09
6.497313941000000000e+09
6.497313941000000000e+09
6.497055829800000191e+09
6.496625213600000381e+09
6.496468661399999619e+09
6.496052924600000381e+09
6.495810333800000191e+09
6.495603978000000000e+09
6.495514827600000381e+09
6.495003109000000000e+09
6.494983946800000191e+09
6.494591030600000381e+09
6.494372509000000000e+09
6.494140893600000381e+09
6.494031483600000381e+09
6.493793850000000000e+09
6.493770291199999809e+09
6.493483274800000191e+09
6.492992867199999809e+09
6.492549447800000191e+09
6.492367301199999809e+09
6.492356065199999809e+09
6.492164172800000191e+09
6.491486866199999809e+09
6.491169556600000381e+09
6.491169556600000381e+09
6.491014899800000191e+09
6.490981917399999619e+09
6.490786000199999809e+09
6.490497328600000381e+09
6.490218723199999809e+09
6.490071252199999809e+09
6.490024002600000381e+09
6.489838232199999809e+09
6.489438662600000381e+09
6.489327481600000381e+09
6.489094426800000191e+09
6.489094426800000191e+09
6.489090536600000381e+09
6.488813466399999619e+09
6.488754344800000191e+09
6.488616485399999619e+09
6.488391658600000381e+09
6.487906400000000000e+09
6.487906400000000000e+09
6.487843112000000000e+09
6.487564443199999809e+09
6.487536384399999619e+09
6.487402192600000381e+09
6.487091430600000381e+09
6.486898479800000191e+09
6.486486361000000000e+09
6.486373724800000191e+09
6.486365792800000191e+09
6.486365792800000191e+09
6.486140456000000000e+09
6.486093963399999619e+09
6.485920035600000381e+09
6.485887712000000000e+09
6.485816476399999619e+09
6.485751586000000000e+09
6.485672284399999619e+09
6.485669184800000191e+09
6.485617070600000381e+09
6.485574146800000191e+09
6.485519372399999619e+09
6.485409989199999809e+09
6.485382885800000191e+09
6.485360588000000000e+09
6.485293985600000381e+09
6.485272120000000000e+09
6.485017192399999619e+09
6.485009918800000191e+09
6.484963892600000381e+09
6.484858763399999619e+09
6.484837672600000381e+09
6.484783876199999809e+09
6.484774366800000191e+09
6.484663148000000000e+09
6.484663148000000000e+09
6.484576900199999809e+09
6.484547064399999619e+09
6.484486372399999619e+09
6.484429213000000000e+09
6.484358232399999619e+09
6.484350894000000000e+09
6.484341395399999619e+09
6.484267319800000191e+09
6.484257914800000191e+09
6.484247124600000381e+09
6.484233165600000381e+09
6.484155205000000000e+09
6.484054375199999809e+09
6.484017565800000191e+09
6.484000468399999619e+09
6.484000468399999619e+09
6.483838179800000191e+09
6.483838179800000191e+09
6.483822887399999619e+09
6.483765695199999809e+09
6.483765695199999809e+09
6.483720188199999809e+09
6.483720188199999809e+09
6.483607472600000381e+09
6.483515279399999619e+09
6.483425730199999809e+09
6.483398569399999619e+09
6.483398569399999619e+09
6.483385938800000191e+09
6.483371999199999809e+09
6.483322485600000381e+09
6.483291095199999809e+09
6.483287357800000191e+09
6.483233094600000381e+09
6.483233094600000381e+09
6.483223902000000000e+09
6.483196212399999619e+09
6.483161165800000191e+09
6.483138774399999619e+09
6.483094431199999809e+09
6.483021586600000381e+09
6.482976326199999809e+09
6.482974888600000381e+09
6.482964288000000000e+09
6.482928907600000381e+09
6.482928374800000191e+09
6.482916870399999619e+09
6.482911794800000191e+09
6.482875979000000000e+09
6.482870903399999619e+09
6.482830438600000381e+09
6.482801718399999619e+09
6.482793706399999619e+09
6.482793706399999619e+09
6.482766273000000000e+09
6.482737099800000191e+09
6.482732102800000191e+09
6.482721922399999619e+09
6.482695406399999619e+09
6.482573157199999809e+09
6.482548812199999809e+09
6.482540696199999809e+09
6.482487090399999619e+09
6.482487090399999619e+09
6.482417551800000191e+09
6.482417551800000191e+09
6.482400294000000000e+09
6.482374316199999809e+09
6.482360097000000000e+09
6.482345790199999809e+09
6.482323470199999809e+09
6.482298701800000191e+09
6.482289726600000381e+09
6.482281947800000191e+09
6.482262275199999809e+09
6.482255743399999619e+09
6.482239116800000191e+09
6.482228624399999619e+09
6.482223381199999809e+09
6.482221347000000000e+09
6.482207534000000000e+09
6.482207534000000000e+09
6.482206005199999809e+09
6.482182346600000381e+09
6.482182346600000381e+09
6.482170973000000000e+09
6.482169593399999619e+09
6.482140219800000191e+09
6.482117008399999619e+09
6.482081287399999619e+09
6.482038518600000381e+09
6.482038518600000381e+09
6.482038518600000381e+09
6.482019455199999809e+09
6.482019455199999809e+09
6.481988196399999619e+09
6.481986769600000381e+09
6.481986769600000381e+09
6.481986258600000381e+09
6.481986258600000381e+09
6.481969059399999619e+09
6.481959390600000381e+09
6.481959390600000381e+09
6.481959390600000381e+09
6.481941566000000000e+09
6.481901644600000381e+09
6.481890373000000000e+09
6.481880742600000381e+09
6.481871698199999809e+09
6.481825767399999619e+09
6.481819405800000191e+09
6.481819405800000191e+09
6.481789957199999809e+09
6.481789957199999809e+09
6.481789957199999809e+09
6.481665189399999619e+09
6.481650104800000191e+09
6.481650104800000191e+09
6.481650104800000191e+09
6.481650104800000191e+09
6.481614969199999809e+09
6.481605675199999809e+09
6.481580248000000000e+09
6.481580248000000000e+09
6.481564516199999809e+09
