3.026929245000000000e+09
3.007325196000000000e+09
2.969200730400000095e+09
2.925041544599999905e+09
2.916201451000000000e+09
2.905929197199999809e+09
2.874749469599999905e+09
2.859387390800000191e+09
2.846759119599999905e+09
2.833624435400000095e+09
2.822144527800000191e+09
2.812462388599999905e+09
2.805026267599999905e+09
2.789823188199999809e+09
2.787167180000000000e+09
2.786437761400000095e+09
2.766493876400000095e+09
2.758699241800000191e+09
2.754499328199999809e+09
2.751336050400000095e+09
2.738656904000000000e+09
2.736791240599999905e+09
2.733187778400000095e+09
2.732501643199999809e+09
2.728006017400000095e+09
2.725684815800000191e+09
2.724532740199999809e+09
2.716926572400000095e+09
2.713363108400000095e+09
2.709702529599999905e+09
2.707091246800000191e+09
2.705966242199999809e+09
2.705263651000000000e+09
2.702969758199999809e+09
2.700908171199999809e+09
2.699348413599999905e+09
2.698213089400000095e+09
2.698213089400000095e+09
2.698213089400000095e+09
2.697980015599999905e+09
2.696145835599999905e+09
2.692977751599999905e+09
2.691049317400000095e+09
2.690735803400000095e+09
2.690088630800000191e+09
2.688908408800000191e+09
2.687139586599999905e+09
2.686543880800000191e+09
2.686468918199999809e+09
2.685997343599999905e+09
2.685498532000000000e+09
2.685181367800000191e+09
2.683812994400000095e+09
2.682924911000000000e+09
2.682431450000000000e+09
2.681558218599999905e+09
2.681443685400000095e+09
2.681252381599999905e+09
2.680496479800000191e+09
2.680349877400000095e+09
2.679576666800000191e+09
2.679211280800000191e+09
2.678001669800000191e+09
2.677810301599999905e+09
2.677483981000000000e+09
2.676619063000000000e+09
2.676148473800000191e+09
2.675142421400000095e+09
2.674564784199999809e+09
2.674394229400000095e+09
2.674038814800000191e+09
2.673819158400000095e+09
2.673382194400000095e+09
2.672895732400000095e+09
2.672668953199999809e+09
2.672448433599999905e+09
2.672173488599999905e+09
2.671903787400000095e+09
2.671705259599999905e+09
2.671453674199999809e+09
2.671363188000000000e+09
2.670839383800000191e+09
2.670619251800000191e+09
2.670163802000000000e+09
2.669921838400000095e+09
2.669495744400000095e+09
2.669376341000000000e+09
2.669065133000000000e+09
2.668857432800000191e+09
2.668689622800000191e+09
2.668156652599999905e+09
2.668129540800000191e+09
2.667908594599999905e+09
2.667756468800000191e+09
2.667704161000000000e+09
2.667501643199999809e+09
2.667455114599999905e+09
2.667020958800000191e+09
2.666986798000000000e+09
2.666977527400000095e+09
2.666751041199999809e+09
2.666472701000000000e+09
2.666233199800000191e+09
2.666195979599999905e+09
2.666193656000000000e+09
2.666179357199999809e+09
2.666043079000000000e+09
2.666025762000000000e+09
2.665819536199999809e+09
2.665675090000000000e+09
2.665561599599999905e+09
2.665486818800000191e+09
2.665350572400000095e+09
2.665090121400000095e+09
2.664894117400000095e+09
2.664583939800000191e+09
2.664388890000000000e+09
2.664139103199999809e+09
2.663985009800000191e+09
2.663736567000000000e+09
2.663543757400000095e+09
2.663436557400000095e+09
2.663220895800000191e+09
2.663084798400000095e+09
2.662956084800000191e+09
2.662768304800000191e+09
2.662648389000000000e+09
2.662612741000000000e+09
2.662572048599999905e+09
2.662466274000000000e+09
2.662391354400000095e+09
2.662292100599999905e+09
2.662252016000000000e+09
2.662153280599999905e+09
2.661923907800000191e+09
2.661871984400000095e+09
2.661791155000000000e+09
2.661763696400000095e+09
2.661695593800000191e+09
2.661695593800000191e+09
2.661680013800000191e+09
2.661671027199999809e+09
2.661564437800000191e+09
2.661359840400000095e+09
2.661329311000000000e+09
2.661214803000000000e+09
2.661173165800000191e+09
2.661097734800000191e+09
2.661014318599999905e+09
2.660962540199999809e+09
2.660920262000000000e+09
2.660903170800000191e+09
2.660893273000000000e+09
2.660821794000000000e+09
2.660766062000000000e+09
2.660729003599999905e+09
2.660726971000000000e+09
2.660644670800000191e+09
2.660625915599999905e+09
2.660582836000000000e+09
2.660527811800000191e+09
2.660504880800000191e+09
2.660476390400000095e+09
2.660424331599999905e+09
2.660404422400000095e+09
2.660384686800000191e+09
2.660339949599999905e+09
2.660289354000000000e+09
2.660217608400000095e+09
2.660179891199999809e+09
2.660168280199999809e+09
2.660108741599999905e+09
2.660108741599999905e+09
2.660052425000000000e+09
2.660028259000000000e+09
2.659992971000000000e+09
2.659976948800000191e+09
2.659968028000000000e+09
2.659949647599999905e+09
2.659905651199999809e+09
2.659629897800000191e+09
2.659629897800000191e+09
2.659572756599999905e+09
2.659546801599999905e+09
2.659511702599999905e+09
2.659511702599999905e+09
2.659509757199999809e+09
2.659463760800000191e+09
2.659440162599999905e+09
2.659428500000000000e+09
2.659428500000000000e+09
2.659426554599999905e+09
2.659379634000000000e+09
2.659346455199999809e+09
2.659316130800000191e+09
2.659294618000000000e+09
2.659287352000000000e+09
2.659280004199999809e+09
2.659237024599999905e+09
2.659237024599999905e+09
2.659231736400000095e+09
2.659228424400000095e+09
2.659220079000000000e+09
2.659215417599999905e+09
2.659208171800000191e+09
2.659206043199999809e+09
2.659185620000000000e+09
2.659171595599999905e+09
2.659151488800000191e+09
2.659138786800000191e+09
2.659129800800000191e+09
2.659082918199999809e+09
2.659056133599999905e+09
2.659056133599999905e+09
2.659038931199999809e+09
2.659018256199999809e+09
2.659002215400000095e+09
2.658967723400000095e+09
2.658967723400000095e+09
2.658967723400000095e+09
2.658963004000000000e+09
2.658934101599999905e+09
2.658930826599999905e+09
2.658930826599999905e+09
2.658910175800000191e+09
2.658910175800000191e+09
2.658888558000000000e+09
2.658888558000000000e+09
2.658877439599999905e+09
2.658863983199999809e+09
2.658847872599999905e+09
2.658845193000000000e+09
2.658845193000000000e+09
2.658839267599999905e+09
2.658827341599999905e+09
2.658825900400000095e+09
2.658813999599999905e+09
2.658813999599999905e+09
2.658808809800000191e+09
2.658726497000000000e+09
2.658709997400000095e+09
2.658690206000000000e+09
2.658649439400000095e+09
2.658646235400000095e+09
2.658644894199999809e+09
2.658644894199999809e+09
2.658632392400000095e+09
2.658618169800000191e+09
2.658613838599999905e+09
2.658613838599999905e+09
2.658613838599999905e+09
2.658599295800000191e+09
2.658572581800000191e+09
2.658572581800000191e+09
2.658563701199999809e+09
2.658551962599999905e+09
2.658551962599999905e+09
2.658551962599999905e+09
2.658539375199999809e+09
2.658521814400000095e+09
2.658510908000000000e+09
2.658505429199999809e+09
2.658505429199999809e+09
2.658504129199999809e+09
2.658492390599999905e+09
2.658476547800000191e+09
2.658476547800000191e+09
2.658476547800000191e+09
2.658474020199999809e+09
2.658450532800000191e+09
2.658413579000000000e+09
2.658406553800000191e+09
2.658406553800000191e+09
2.658404405000000000e+09
2.658401877400000095e+09
2.658378456800000191e+09
2.658354318400000095e+09
2.658354318400000095e+09
2.658354318400000095e+09
2.658354318400000095e+09
2.658354318400000095e+09
2.658336065000000000e+09
2.658333024599999905e+09
2.658328694800000191e+09
2.658328694800000191e+09
2.658301937599999905e+09
2.658301937599999905e+09
2.658288708400000095e+09
2.658288708400000095e+09
2.658272955000000000e+09
2.658271813599999905e+09
2.658269718000000000e+09
2.658269718000000000e+09
2.658262097599999905e+09
2.658262097599999905e+09
2.658253109000000000e+09
2.658251695199999809e+09
2.658251695199999809e+09
2.658246103199999809e+09
2.658244696800000191e+09
2.658234721199999809e+09
