2.244984945000000000e+09
2.186646788000000000e+09
2.179524166199999809e+09
2.160280477400000095e+09
2.142727583200000048e+09
2.120013881799999952e+09
2.102048839000000000e+09
2.081634167400000095e+09
2.065662486599999905e+09
2.054615442400000095e+09
2.028314147000000000e+09
2.022524567599999905e+09
2.021882046200000048e+09
2.011544845400000095e+09
2.006661073200000048e+09
1.998361201599999905e+09
1.991825184200000048e+09
1.987711908799999952e+09
1.981951584000000000e+09
1.975710964799999952e+09
1.968074519200000048e+09
1.965568214400000095e+09
1.960712234000000000e+09
1.956246946200000048e+09
1.951890169799999952e+09
1.948244829200000048e+09
1.946382556000000000e+09
1.942374675000000000e+09
1.940646461400000095e+09
1.937598942799999952e+09
1.935317707000000000e+09
1.931346164200000048e+09
1.931023930599999905e+09
1.930149245000000000e+09
1.926933363400000095e+09
1.924466150400000095e+09
1.922933477599999905e+09
1.922093437000000000e+09
1.921236754799999952e+09
1.919534945000000000e+09
1.919264980799999952e+09
1.919043878799999952e+09
1.918812193799999952e+09
1.915888749799999952e+09
1.914369326200000048e+09
1.912916866599999905e+09
1.912916866599999905e+09
1.912909790400000095e+09
1.912305842200000048e+09
1.912224657000000000e+09
1.911029963799999952e+09
1.909286316599999905e+09
1.908680343400000095e+09
1.907685172799999952e+09
1.906176244799999952e+09
1.906130833200000048e+09
1.906130833200000048e+09
1.905795061799999952e+09
1.905690906599999905e+09
1.905140299000000000e+09
1.903282420599999905e+09
1.903060750599999905e+09
1.902134732000000000e+09
1.901068038000000000e+09
1.900595455400000095e+09
1.900031382200000048e+09
1.899850383200000048e+09
1.899372558400000095e+09
1.898883843200000048e+09
1.897642008599999905e+09
1.897104001200000048e+09
1.896861841599999905e+09
1.896446569200000048e+09
1.896328568799999952e+09
1.895905052200000048e+09
1.895399069599999905e+09
1.895144430599999905e+09
1.895048206400000095e+09
1.894340404799999952e+09
1.893446399400000095e+09
1.893319597200000048e+09
1.893277713599999905e+09
1.893049762000000000e+09
1.892861814599999905e+09
1.892820117200000048e+09
1.892578451599999905e+09
1.892497369200000048e+09
1.891919199599999905e+09
1.891840691799999952e+09
1.891672070599999905e+09
1.891669880599999905e+09
1.891669880599999905e+09
1.891564594000000000e+09
1.891444494200000048e+09
1.891276787799999952e+09
1.891236760400000095e+09
1.890990071799999952e+09
1.890876991000000000e+09
1.890804971599999905e+09
1.890617086799999952e+09
1.890585720400000095e+09
1.890558850000000000e+09
1.890403606200000048e+09
1.890215908400000095e+09
1.890186566200000048e+09
1.890057146400000095e+09
1.889964452400000095e+09
1.889836757599999905e+09
1.889693357400000095e+09
1.889693357400000095e+09
1.889356106799999952e+09
1.889263674000000000e+09
1.889244095400000095e+09
1.889149078200000048e+09
1.889001411799999952e+09
1.888983112799999952e+09
1.888943268000000000e+09
1.888876707400000095e+09
1.888811251599999905e+09
1.888686231000000000e+09
1.888673776400000095e+09
1.888669570599999905e+09
1.888528360200000048e+09
1.888506204000000000e+09
1.888445311200000048e+09
1.888372068400000095e+09
1.888345273200000048e+09
1.888345273200000048e+09
1.888277710599999905e+09
1.888220272200000048e+09
1.888203427200000048e+09
1.888129636000000000e+09
1.888118765599999905e+09
1.887996109599999905e+09
1.887954438599999905e+09
1.887927751200000048e+09
1.887885856200000048e+09
1.887844924400000095e+09
1.887785523200000048e+09
1.887770941599999905e+09
1.887749130799999952e+09
1.887552250799999952e+09
1.887496235200000048e+09
1.887351737400000095e+09
1.887334892400000095e+09
1.887308720200000048e+09
1.887221676799999952e+09
1.887194263799999952e+09
1.887177435599999905e+09
1.887054366400000095e+09
1.886937675000000000e+09
1.886907017000000000e+09
1.886873261000000000e+09
1.886796839799999952e+09
1.886696580400000095e+09
1.886680905000000000e+09
1.886619843599999905e+09
1.886511603799999952e+09
1.886498955799999952e+09
1.886431202000000000e+09
1.886376781799999952e+09
1.886338613400000095e+09
1.886286346799999952e+09
1.886266059400000095e+09
1.886246050599999905e+09
1.886243899200000048e+09
1.886236039200000048e+09
1.886052481400000095e+09
1.885986669799999952e+09
1.885986669799999952e+09
1.885986669799999952e+09
1.885981142200000048e+09
1.885919121400000095e+09
1.885733030000000000e+09
1.885724651200000048e+09
1.885668421200000048e+09
1.885640502000000000e+09
1.885611227599999905e+09
1.885525918000000000e+09
1.885455724000000000e+09
1.885430256599999905e+09
1.885342304400000095e+09
1.885342304400000095e+09
1.885323302200000048e+09
1.885294116599999905e+09
1.885280043599999905e+09
1.885230113200000048e+09
1.885156068599999905e+09
1.885148109599999905e+09
1.885081690200000048e+09
1.885033134400000095e+09
1.885033134400000095e+09
1.885019505200000048e+09
1.884989753799999952e+09
1.884989753799999952e+09
1.884989753799999952e+09
1.884964231599999905e+09
1.884964231599999905e+09
1.884963764000000000e+09
1.884944678400000095e+09
1.884932747799999952e+09
1.884930606000000000e+09
1.884927461400000095e+09
1.884892700200000048e+09
1.884852845400000095e+09
1.884827908400000095e+09
1.884813629799999952e+09
1.884812685000000000e+09
1.884767130200000048e+09
1.884718468400000095e+09
1.884710151000000000e+09
1.884681637000000000e+09
1.884673481200000048e+09
1.884626841599999905e+09
1.884608308000000000e+09
1.884606998799999952e+09
1.884598280400000095e+09
1.884538951599999905e+09
1.884530509000000000e+09
1.884413236400000095e+09
1.884413236400000095e+09
1.884357922200000048e+09
1.884344830799999952e+09
1.884342670000000000e+09
1.884310226599999905e+09
1.884303087000000000e+09
1.884291625000000000e+09
1.884291625000000000e+09
1.884253115400000095e+09
1.884174519799999952e+09
1.884174519799999952e+09
1.884157949599999905e+09
1.884149978400000095e+09
1.884132636599999905e+09
1.884116672799999952e+09
1.884116672799999952e+09
1.884102764400000095e+09
1.884075871200000048e+09
1.884069024400000095e+09
1.884026552200000048e+09
1.884017352599999905e+09
1.883918492400000095e+09
1.883897948000000000e+09
1.883846099400000095e+09
1.883844128000000000e+09
1.883819548799999952e+09
1.883785982200000048e+09
1.883776713000000000e+09
1.883742051200000048e+09
1.883742051200000048e+09
1.883741259200000048e+09
1.883736275400000095e+09
1.883729683200000048e+09
1.883716513599999905e+09
1.883716513599999905e+09
1.883693340799999952e+09
1.883689660200000048e+09
1.883673153799999952e+09
1.883673153799999952e+09
1.883628355799999952e+09
1.883628355799999952e+09
1.883622045000000000e+09
1.883619673200000048e+09
1.883614066000000000e+09
1.883604876599999905e+09
1.883604876599999905e+09
1.883604876599999905e+09
1.883594969799999952e+09
1.883468402799999952e+09
1.883461840799999952e+09
1.883430793799999952e+09
1.883430793799999952e+09
1.883403162400000095e+09
1.883378383200000048e+09
1.883366115599999905e+09
1.883365716000000000e+09
1.883357076200000048e+09
1.883357076200000048e+09
1.883321239799999952e+09
1.883319029000000000e+09
1.883306083599999905e+09
1.883295787400000095e+09
1.883284673799999952e+09
1.883284673799999952e+09
1.883281189000000000e+09
1.883259281200000048e+09
1.883259281200000048e+09
1.883257219200000048e+09
1.883231381799999952e+09
1.883224428799999952e+09
1.883223815599999905e+09
1.883215883599999905e+09
1.883215272000000000e+09
1.883209092000000000e+09
1.883191270599999905e+09
1.883151680599999905e+09
1.883123665000000000e+09
1.883123587799999952e+09
1.883123587799999952e+09
1.883096047200000048e+09
1.883075891799999952e+09
