5.784550611800000191e+09
5.730680223800000191e+09
5.595021624199999809e+09
5.497256130000000000e+09
5.478998897600000381e+09
5.437307201199999809e+09
5.409802815399999619e+09
5.380373963199999809e+09
5.353648807800000191e+09
5.330809417199999809e+09
5.281264967600000381e+09
5.273586655000000000e+09
5.241196585600000381e+09
5.217006920000000000e+09
5.192942326000000000e+09
5.177805606800000191e+09
5.161315452399999619e+09
5.148403420199999809e+09
5.135079954399999619e+09
5.126703261600000381e+09
5.106708185800000191e+09
5.100086227800000191e+09
5.085966340600000381e+09
5.081733293600000381e+09
5.068941755199999809e+09
5.058902659600000381e+09
5.048514427399999619e+09
5.048514427399999619e+09
5.042894606399999619e+09
5.038836562199999809e+09
5.031525135199999809e+09
5.029490428800000191e+09
5.029490428800000191e+09
5.023852159000000000e+09
5.020635265399999619e+09
5.019603277399999619e+09
5.011850346800000191e+09
5.008631886000000000e+09
5.005070661199999809e+09
5.005059679800000191e+09
5.002200456800000191e+09
4.997873390000000000e+09
4.996741960600000381e+09
4.991586203800000191e+09
4.991499586399999619e+09
4.991116747399999619e+09
4.989537507399999619e+09
4.987955567000000000e+09
4.985472677399999619e+09
4.984157587399999619e+09
4.983996959199999809e+09
4.983644248399999619e+09
4.981096268399999619e+09
4.977643384600000381e+09
4.974201210600000381e+09
4.974201210600000381e+09
4.973892341800000191e+09
4.973892341800000191e+09
4.972174683399999619e+09
4.969340722600000381e+09
4.967286347000000000e+09
4.965891618000000000e+09
4.964100019800000191e+09
4.962784232199999809e+09
4.962707947600000381e+09
4.961871206000000000e+09
4.961512513000000000e+09
4.960765931000000000e+09
4.958777587399999619e+09
4.957607105000000000e+09
4.956743370600000381e+09
4.955589225800000191e+09
4.955094603199999809e+09
4.954103225199999809e+09
4.953623633399999619e+09
4.952476158399999619e+09
4.950700345399999619e+09
4.950484503399999619e+09
4.950281177800000191e+09
4.949515993800000191e+09
4.947956400600000381e+09
4.947956400600000381e+09
4.947269555800000191e+09
4.946907007399999619e+09
4.946118493399999619e+09
4.945006416199999809e+09
4.944642943600000381e+09
4.944383496000000000e+09
4.944383496000000000e+09
4.944383496000000000e+09
4.943573417800000191e+09
4.942700245399999619e+09
4.942568285800000191e+09
4.942452611000000000e+09
4.942355078000000000e+09
4.941786346800000191e+09
4.941511889800000191e+09
4.941078817199999809e+09
4.940894067000000000e+09
4.940211507800000191e+09
4.940188317600000381e+09
4.939709552600000381e+09
4.939275179399999619e+09
4.939075355600000381e+09
4.939044644199999809e+09
4.938930476600000381e+09
4.938675416000000000e+09
4.938507372199999809e+09
4.938427364199999809e+09
4.938072506600000381e+09
4.938070137399999619e+09
4.938030770000000000e+09
4.937990291800000191e+09
4.937879301000000000e+09
4.937697982800000191e+09
4.937540145800000191e+09
4.937394679199999809e+09
4.937225677000000000e+09
4.936953440399999619e+09
4.936953440399999619e+09
4.936531085199999809e+09
4.936432960800000191e+09
4.936085513399999619e+09
4.935989274000000000e+09
4.935926388399999619e+09
4.935755573800000191e+09
4.935659901199999809e+09
4.935131212600000381e+09
4.934992206199999809e+09
4.934970146199999809e+09
4.934859087600000381e+09
4.934516612600000381e+09
4.934512416399999619e+09
4.934338962000000000e+09
4.934179688600000381e+09
4.934140402199999809e+09
4.933450837600000381e+09
4.933313112000000000e+09
4.933237956800000191e+09
4.933237289199999809e+09
4.933058451800000191e+09
4.933005098000000000e+09
4.932987040199999809e+09
4.932943650199999809e+09
4.932770552199999809e+09
4.932440104800000191e+09
4.932415087800000191e+09
4.932398651199999809e+09
4.932228016199999809e+09
4.932171168600000381e+09
4.931860717199999809e+09
4.931768465000000000e+09
4.931617494000000000e+09
4.931559133199999809e+09
4.931554690399999619e+09
4.931491682000000000e+09
4.931445481399999619e+09
4.931422053399999619e+09
4.931391003600000381e+09
4.931348729199999809e+09
4.931261631199999809e+09
4.931063036199999809e+09
4.931051629000000000e+09
4.931037533800000191e+09
4.931005393600000381e+09
4.930962078199999809e+09
4.930867214000000000e+09
4.930693979199999809e+09
4.930637311600000381e+09
4.930629805199999809e+09
4.930500737600000381e+09
4.930451221000000000e+09
4.930402884800000191e+09
4.930402884800000191e+09
4.930359084199999809e+09
4.930130992000000000e+09
4.930037155399999619e+09
4.930037155399999619e+09
4.929891312800000191e+09
4.929867669600000381e+09
4.929772384800000191e+09
4.929748756000000000e+09
4.929624194000000000e+09
4.929524934199999809e+09
4.929495536399999619e+09
4.929399869199999809e+09
4.929339514600000381e+09
4.929269210600000381e+09
4.929147363000000000e+09
4.929134838399999619e+09
4.929093623600000381e+09
4.929059260600000381e+09
4.928867063000000000e+09
4.928867063000000000e+09
4.928867063000000000e+09
4.928824608600000381e+09
4.928751282600000381e+09
4.928735843000000000e+09
4.928659164600000381e+09
4.928655877399999619e+09
4.928648652800000191e+09
4.928602505600000381e+09
4.928597235000000000e+09
4.928593767000000000e+09
4.928588170800000191e+09
4.928587508800000191e+09
4.928511683199999809e+09
4.928506900600000381e+09
4.928500245199999809e+09
4.928495395399999619e+09
4.928402641800000191e+09
4.928402641800000191e+09
4.928378736600000381e+09
4.928365276399999619e+09
4.928350402000000000e+09
4.928311337800000191e+09
4.928311337800000191e+09
4.928310989600000381e+09
4.928273068199999809e+09
4.928242926399999619e+09
4.928242926399999619e+09
4.928167854399999619e+09
4.928137542800000191e+09
4.928067038600000381e+09
4.928060547399999619e+09
4.928050495800000191e+09
4.927975125600000381e+09
4.927957376600000381e+09
4.927932407399999619e+09
4.927887025199999809e+09
4.927815462600000381e+09
4.927800287600000381e+09
4.927715788600000381e+09
4.927578616600000381e+09
4.927578616600000381e+09
4.927531594600000381e+09
4.927531594600000381e+09
4.927531594600000381e+09
4.927441311399999619e+09
4.927344442800000191e+09
4.927338532000000000e+09
4.927338532000000000e+09
4.927338532000000000e+09
4.927229975600000381e+09
4.927211407800000191e+09
4.927177293199999809e+09
4.927169957000000000e+09
4.927148507399999619e+09
4.927125451000000000e+09
4.927125451000000000e+09
4.927024373600000381e+09
4.926985025800000191e+09
4.926944354399999619e+09
4.926788933600000381e+09
4.926776383199999809e+09
4.926725697600000381e+09
4.926705348600000381e+09
4.926705348600000381e+09
4.926691528800000191e+09
4.926463039000000000e+09
4.926437624600000381e+09
4.926413076399999619e+09
4.926410090399999619e+09
4.926410090399999619e+09
4.926410090399999619e+09
4.926410090399999619e+09
4.926373431199999809e+09
4.926368505600000381e+09
4.926357231800000191e+09
4.926343757800000191e+09
4.926343757800000191e+09
4.926343757800000191e+09
4.926316293399999619e+09
4.926286401199999809e+09
4.926286401199999809e+09
4.926263553800000191e+09
4.926247659600000381e+09
4.926247150399999619e+09
4.926241191199999809e+09
4.926233676399999619e+09
4.926232591199999809e+09
4.926218220000000000e+09
4.926218220000000000e+09
4.926206065600000381e+09
4.926206065600000381e+09
4.926194768800000191e+09
4.926155335399999619e+09
4.926140957399999619e+09
4.926140957399999619e+09
4.926138986399999619e+09
4.926138986399999619e+09
4.926138986399999619e+09
4.926135818600000381e+09
4.926135818600000381e+09
4.926133847600000381e+09
4.926131003600000381e+09
4.926131003600000381e+09
4.926106807600000381e+09
4.926102794399999619e+09
4.926094307000000000e+09
4.926080681000000000e+09
