2.153844630400000095e+09
2.078704647599999905e+09
1.940891907599999905e+09
1.866589084400000095e+09
1.770128006000000000e+09
1.732495226000000000e+09
1.637291898400000095e+09
1.622046962000000000e+09
1.562663460000000000e+09
1.552433762799999952e+09
1.545815829200000048e+09
1.531166942000000000e+09
1.519793918000000000e+09
1.485490927200000048e+09
1.469859478000000000e+09
1.462668822400000095e+09
1.449660409599999905e+09
1.431966904400000095e+09
1.429122277599999905e+09
1.409627122400000095e+09
1.409617268799999952e+09
1.400797612400000095e+09
1.392969778000000000e+09
1.390441838000000000e+09
1.384703692000000000e+09
1.384703692000000000e+09
1.373885426000000000e+09
1.370014324400000095e+09
1.367904952000000000e+09
1.362838078400000095e+09
1.362555561200000048e+09
1.360561786799999952e+09
1.360561786799999952e+09
1.360561786799999952e+09
1.359162858400000095e+09
1.358159396400000095e+09
1.353740870799999952e+09
1.351576503200000048e+09
1.348839534000000000e+09
1.348839534000000000e+09
1.348839534000000000e+09
1.346953910000000000e+09
1.344631978400000095e+09
1.342349404000000000e+09
1.342349404000000000e+09
1.342349404000000000e+09
1.341440089200000048e+09
1.341379025200000048e+09
1.341379025200000048e+09
1.341005580400000095e+09
1.340643398799999952e+09
1.339921778799999952e+09
1.339921778799999952e+09
1.339921778799999952e+09
1.339921778799999952e+09
1.339743936799999952e+09
1.339743936799999952e+09
1.339516057200000048e+09
1.339397813599999905e+09
1.338844488000000000e+09
1.338844488000000000e+09
1.337872815599999905e+09
1.337574999200000048e+09
1.337568097200000048e+09
1.336892617599999905e+09
1.335495944799999952e+09
1.334480068000000000e+09
1.334413604400000095e+09
1.333852890000000000e+09
1.333788014000000000e+09
1.333788014000000000e+09
1.333788014000000000e+09
1.333746836400000095e+09
1.333508734400000095e+09
1.333423183200000048e+09
1.333141982799999952e+09
1.333131948000000000e+09
1.332960928799999952e+09
1.332902314000000000e+09
1.332875810000000000e+09
1.332578965599999905e+09
1.332567063200000048e+09
1.332567063200000048e+09
1.332282203599999905e+09
1.332199038799999952e+09
1.332199038799999952e+09
1.332185390400000095e+09
1.332142664000000000e+09
1.331931148400000095e+09
1.331931148400000095e+09
1.331914755599999905e+09
1.331846745200000048e+09
1.331817008400000095e+09
1.331817008400000095e+09
1.331753540400000095e+09
1.331574098799999952e+09
1.331551124799999952e+09
1.331551124799999952e+09
1.331531468400000095e+09
1.331458030799999952e+09
1.331373923599999905e+09
1.331371434000000000e+09
1.331320968799999952e+09
1.331320968799999952e+09
1.331302742400000095e+09
1.331302742400000095e+09
1.331277523599999905e+09
1.331277523599999905e+09
1.331277523599999905e+09
1.331227209200000048e+09
1.331169686000000000e+09
1.331169686000000000e+09
1.331132716000000000e+09
1.331086109599999905e+09
1.331086109599999905e+09
1.331049845200000048e+09
1.330983931200000048e+09
1.330983931200000048e+09
1.330978817599999905e+09
1.330932211200000048e+09
1.330932211200000048e+09
1.330927662000000000e+09
1.330902362799999952e+09
1.330902362799999952e+09
1.330902362799999952e+09
1.330865684400000095e+09
1.330840897200000048e+09
1.330748066799999952e+09
1.330748066799999952e+09
1.330725080000000000e+09
1.330725080000000000e+09
1.330722812799999952e+09
1.330618938000000000e+09
1.330618938000000000e+09
1.330618938000000000e+09
1.330618938000000000e+09
1.330618938000000000e+09
1.330618938000000000e+09
1.330618938000000000e+09
1.330616362400000095e+09
1.330550479599999905e+09
1.330550479599999905e+09
1.330550479599999905e+09
1.330550479599999905e+09
1.330520310000000000e+09
1.330520310000000000e+09
1.330520310000000000e+09
1.330479429200000048e+09
1.330479429200000048e+09
1.330479429200000048e+09
1.330479429200000048e+09
1.330479429200000048e+09
1.330476828000000000e+09
1.330447502799999952e+09
1.330447502799999952e+09
1.330447502799999952e+09
1.330411814799999952e+09
1.330411814799999952e+09
1.330382622400000095e+09
1.330326392799999952e+09
1.330326392799999952e+09
1.330326392799999952e+09
1.330326392799999952e+09
1.330326392799999952e+09
1.330324021599999905e+09
1.330324021599999905e+09
1.330324021599999905e+09
1.330324021599999905e+09
1.330324021599999905e+09
1.330324021599999905e+09
1.330324021599999905e+09
1.330324021599999905e+09
1.330324021599999905e+09
1.330324021599999905e+09
1.330324021599999905e+09
1.330306824400000095e+09
1.330306824400000095e+09
1.330306824400000095e+09
1.330306824400000095e+09
1.330306824400000095e+09
1.330293582799999952e+09
1.330293582799999952e+09
1.330293582799999952e+09
1.330293582799999952e+09
1.330293582799999952e+09
1.330293582799999952e+09
1.330288869599999905e+09
1.330288869599999905e+09
1.330286855599999905e+09
1.330284807200000048e+09
1.330284807200000048e+09
1.330284807200000048e+09
1.330284807200000048e+09
1.330279167599999905e+09
1.330279167599999905e+09
1.330279167599999905e+09
1.330258181599999905e+09
1.330258181599999905e+09
1.330256133200000048e+09
1.330256133200000048e+09
1.330256133200000048e+09
1.330256133200000048e+09
1.330256133200000048e+09
1.330256133200000048e+09
1.330256133200000048e+09
1.330253590400000095e+09
1.330253590400000095e+09
1.330253590400000095e+09
1.330253590400000095e+09
1.330253590400000095e+09
1.330253590400000095e+09
1.330247032000000000e+09
1.330247032000000000e+09
1.330247032000000000e+09
1.330247032000000000e+09
1.330247032000000000e+09
1.330247032000000000e+09
1.330247032000000000e+09
1.330247032000000000e+09
1.330247032000000000e+09
1.330247032000000000e+09
1.330247032000000000e+09
1.330247032000000000e+09
1.330241918400000095e+09
1.330241918400000095e+09
1.330241918400000095e+09
1.330241918400000095e+09
1.330241918400000095e+09
1.330241918400000095e+09
1.330241918400000095e+09
1.330241918400000095e+09
1.330241918400000095e+09
1.330241918400000095e+09
1.330241918400000095e+09
1.330241918400000095e+09
1.330241918400000095e+09
1.330241918400000095e+09
1.330241918400000095e+09
1.330241918400000095e+09
1.330239870000000000e+09
1.330239870000000000e+09
1.330239870000000000e+09
1.330239870000000000e+09
1.330239870000000000e+09
1.330239870000000000e+09
1.330239870000000000e+09
1.330239870000000000e+09
1.330239870000000000e+09
1.330239870000000000e+09
1.330239870000000000e+09
1.330239870000000000e+09
1.330220694400000095e+09
1.330219674000000000e+09
1.330219674000000000e+09
1.330219674000000000e+09
1.330219674000000000e+09
1.330219674000000000e+09
1.330219674000000000e+09
1.330201903200000048e+09
1.330196789599999905e+09
1.330196789599999905e+09
1.330196789599999905e+09
1.330196789599999905e+09
1.330196789599999905e+09
1.330196789599999905e+09
1.330196789599999905e+09
1.330196789599999905e+09
1.330196789599999905e+09
1.330196789599999905e+09
1.330196789599999905e+09
1.330196789599999905e+09
1.330196789599999905e+09
1.330196789599999905e+09
1.330194741200000048e+09
1.330194741200000048e+09
1.330194741200000048e+09
1.330194741200000048e+09
1.330194741200000048e+09
1.330194741200000048e+09
1.330194741200000048e+09
1.330193606400000095e+09
1.330193606400000095e+09
1.330193606400000095e+09
1.330193606400000095e+09
1.330193606400000095e+09
1.330193606400000095e+09
1.330193606400000095e+09
1.330193606400000095e+09
1.330193606400000095e+09
1.330193606400000095e+09
1.330193606400000095e+09
1.330193606400000095e+09
1.330193606400000095e+09
1.330193606400000095e+09
1.330193606400000095e+09
1.330193606400000095e+09
1.330193606400000095e+09
1.330193606400000095e+09
1.330193606400000095e+09
1.330193606400000095e+09
1.330192552799999952e+09
