1.265001809200000048e+09
1.210835564400000095e+09
1.044263258399999976e+09
9.801230932000000477e+08
9.653660047999999523e+08
9.395891140000000000e+08
8.777259407999999523e+08
8.738953712000000477e+08
7.978444796000000238e+08
7.972615060000000000e+08
7.887156776000000238e+08
7.373408567999999523e+08
7.263968987999999523e+08
7.142900243999999762e+08
6.934260392000000477e+08
6.738578103999999762e+08
6.660893683999999762e+08
6.569959707999999523e+08
6.546295252000000477e+08
6.521858707999999523e+08
6.403937876000000238e+08
6.397487152000000477e+08
6.339718132000000477e+08
6.192305236000000238e+08
6.131185192000000477e+08
6.055592803999999762e+08
6.045834520000000000e+08
6.035695767999999523e+08
6.026873516000000238e+08
5.993896227999999523e+08
5.968635463999999762e+08
5.939252127999999523e+08
5.914284083999999762e+08
5.914284083999999762e+08
5.909928700000000000e+08
5.903819280000000000e+08
5.902083787999999523e+08
5.898584980000000000e+08
5.891181192000000477e+08
5.876054467999999523e+08
5.859283443999999762e+08
5.846821160000000000e+08
5.842220136000000238e+08
5.841654240000000000e+08
5.814101736000000238e+08
5.800604640000000000e+08
5.800604640000000000e+08
5.798224543999999762e+08
5.796299523999999762e+08
5.791707096000000238e+08
5.791707096000000238e+08
5.786192092000000477e+08
5.781527912000000477e+08
5.762290920000000000e+08
5.749868500000000000e+08
5.749868500000000000e+08
5.745254047999999523e+08
5.744456172000000477e+08
5.744456172000000477e+08
5.726534623999999762e+08
5.714172043999999762e+08
5.711319336000000238e+08
5.711319336000000238e+08
5.701066932000000477e+08
5.689946712000000477e+08
5.671333780000000000e+08
5.665531832000000477e+08
5.663511947999999523e+08
5.657737016000000238e+08
5.656713080000000000e+08
5.656713080000000000e+08
5.656713080000000000e+08
5.656014132000000477e+08
5.652679847999999523e+08
5.651740796000000238e+08
5.649567427999999523e+08
5.649157460000000000e+08
5.647190780000000000e+08
5.646539143999999762e+08
5.645316847999999523e+08
5.642898832000000477e+08
5.639673856000000238e+08
5.639001352000000477e+08
5.638150643999999762e+08
5.638150643999999762e+08
5.636780436000000238e+08
5.626416616000000238e+08
5.625815552000000477e+08
5.625815552000000477e+08
5.625717792000000477e+08
5.624616356000000238e+08
5.624616356000000238e+08
5.623061980000000000e+08
5.623061980000000000e+08
5.622969200000000000e+08
5.621641652000000477e+08
5.621283047999999523e+08
5.621264763999999762e+08
5.621264763999999762e+08
5.621264763999999762e+08
5.621264763999999762e+08
5.620527600000000000e+08
5.620527600000000000e+08
5.620527600000000000e+08
5.620163347999999523e+08
5.620163347999999523e+08
5.620163347999999523e+08
5.619868052000000477e+08
5.619868052000000477e+08
5.619629720000000000e+08
5.619393463999999762e+08
5.619393463999999762e+08
5.619058303999999762e+08
5.618873460000000000e+08
5.618076160000000000e+08
5.614832167999999523e+08
5.614832167999999523e+08
5.614497763999999762e+08
5.614328212000000477e+08
5.614328212000000477e+08
5.614261183999999762e+08
5.612948407999999523e+08
5.612747763999999762e+08
5.612476743999999762e+08
5.612476743999999762e+08
5.612476743999999762e+08
5.610849307999999523e+08
5.610849307999999523e+08
5.610636832000000477e+08
5.610636832000000477e+08
5.610636832000000477e+08
5.610636832000000477e+08
5.610636832000000477e+08
5.609523196000000238e+08
5.609357103999999762e+08
5.609357103999999762e+08
5.608974683999999762e+08
5.608974683999999762e+08
5.608974683999999762e+08
5.608789792000000477e+08
5.608789792000000477e+08
5.608705572000000477e+08
5.608580827999999523e+08
5.608580827999999523e+08
5.608510292000000477e+08
5.608510292000000477e+08
5.608510292000000477e+08
5.607943107999999523e+08
5.607931472000000477e+08
5.607931472000000477e+08
5.607931472000000477e+08
5.607645147999999523e+08
5.607584412000000477e+08
5.607584412000000477e+08
5.607584412000000477e+08
5.607584412000000477e+08
5.607459667999999523e+08
5.607344720000000000e+08
5.607344720000000000e+08
5.607185180000000000e+08
5.607060436000000238e+08
5.606935823999999762e+08
5.606935823999999762e+08
5.606935823999999762e+08
5.606535463999999762e+08
5.606535463999999762e+08
5.606535463999999762e+08
5.606524660000000000e+08
5.606411932000000477e+08
5.606377087999999523e+08
5.606377087999999523e+08
5.606377087999999523e+08
5.606377087999999523e+08
5.606377087999999523e+08
5.606368936000000238e+08
5.606368936000000238e+08
5.606368936000000238e+08
5.606178627999999523e+08
5.606178627999999523e+08
5.606178627999999523e+08
5.606164092000000477e+08
5.606164092000000477e+08
5.606164092000000477e+08
5.606075720000000000e+08
5.606075720000000000e+08
5.606075720000000000e+08
5.606008736000000238e+08
5.606008736000000238e+08
5.606008736000000238e+08
5.606008736000000238e+08
5.605743620000000000e+08
5.605737647999999523e+08
5.605737647999999523e+08
5.605737647999999523e+08
5.605737647999999523e+08
5.605636667999999523e+08
5.605558780000000000e+08
5.605558780000000000e+08
5.605558780000000000e+08
5.605558780000000000e+08
5.605558780000000000e+08
5.605558780000000000e+08
5.605558780000000000e+08
5.605497683999999762e+08
5.605497683999999762e+08
5.605497683999999762e+08
5.605497683999999762e+08
5.605497683999999762e+08
5.605497683999999762e+08
5.605497683999999762e+08
5.605497683999999762e+08
5.605497683999999762e+08
5.605497683999999762e+08
5.605497683999999762e+08
5.605497683999999762e+08
5.605497683999999762e+08
5.605497683999999762e+08
5.605497683999999762e+08
5.605497683999999762e+08
5.605497683999999762e+08
5.605497683999999762e+08
5.605397960000000000e+08
5.605397960000000000e+08
5.605397960000000000e+08
5.605397960000000000e+08
5.605397960000000000e+08
5.605397960000000000e+08
5.605397960000000000e+08
5.605397960000000000e+08
5.605397960000000000e+08
5.605397960000000000e+08
5.605397960000000000e+08
5.605397960000000000e+08
5.605397960000000000e+08
5.605397960000000000e+08
5.605397960000000000e+08
5.605294587999999523e+08
5.605294587999999523e+08
5.605294587999999523e+08
5.605294587999999523e+08
5.605294587999999523e+08
5.605294587999999523e+08
5.605294587999999523e+08
5.605294587999999523e+08
5.605294587999999523e+08
5.605294587999999523e+08
5.605294587999999523e+08
5.605294587999999523e+08
5.605294587999999523e+08
5.605294587999999523e+08
5.605294587999999523e+08
5.605181843999999762e+08
5.605181843999999762e+08
5.605181843999999762e+08
5.605181843999999762e+08
5.605181843999999762e+08
5.605181843999999762e+08
5.605181843999999762e+08
5.605181843999999762e+08
5.605181843999999762e+08
5.605181843999999762e+08
5.605181843999999762e+08
5.605181843999999762e+08
5.605181843999999762e+08
5.605181843999999762e+08
5.605181843999999762e+08
5.605181843999999762e+08
5.605181843999999762e+08
5.605181843999999762e+08
5.605181843999999762e+08
5.605181843999999762e+08
5.605181843999999762e+08
5.605181843999999762e+08
5.605117727999999523e+08
5.605117727999999523e+08
5.605117727999999523e+08
5.605117727999999523e+08
5.605117727999999523e+08
5.605117727999999523e+08
5.605117727999999523e+08
5.605074432000000477e+08
5.605074432000000477e+08
5.605074432000000477e+08
5.605074432000000477e+08
5.605074432000000477e+08
5.605074432000000477e+08
5.605074432000000477e+08
5.605074432000000477e+08
5.605074432000000477e+08
5.605074432000000477e+08
5.605074432000000477e+08
5.605074432000000477e+08
5.605074432000000477e+08
5.605074432000000477e+08
5.605074432000000477e+08
5.605074432000000477e+08
5.605074432000000477e+08
5.605074432000000477e+08
5.605074432000000477e+08
5.605074432000000477e+08
5.605074432000000477e+08
