4.009540000000000000e+08
3.639210168000000119e+08
3.597395446000000238e+08
3.554111531999999881e+08
3.411053646000000238e+08
3.322707876000000238e+08
3.178482103999999762e+08
2.955593468000000119e+08
2.909495321999999881e+08
2.881173878000000119e+08
2.872122563999999762e+08
2.778510433999999762e+08
2.695331413999999762e+08
2.628893588000000119e+08
2.623774335999999940e+08
2.507546665999999940e+08
2.477879134000000060e+08
2.397314664000000060e+08
2.389509371999999881e+08
2.371860740000000000e+08
2.351373798000000119e+08
2.349602711999999881e+08
2.317199660000000000e+08
2.307307594000000060e+08
2.266924054000000060e+08
2.250178280000000000e+08
2.218955845999999940e+08
2.218244195999999940e+08
2.212914274000000060e+08
2.207737785999999940e+08
2.195950004000000060e+08
2.188955195999999940e+08
2.170001564000000060e+08
2.169667240000000000e+08
2.169667240000000000e+08
2.169667240000000000e+08
2.153542530000000000e+08
2.141026600000000000e+08
2.141026600000000000e+08
2.128998504000000060e+08
2.127258185999999940e+08
2.125372830000000000e+08
2.125372830000000000e+08
2.123149555999999940e+08
2.115345881999999881e+08
2.113274678000000119e+08
2.113274678000000119e+08
2.107113774000000060e+08
2.107113774000000060e+08
2.107113774000000060e+08
2.107087200000000000e+08
2.107087200000000000e+08
2.096634630000000000e+08
2.096519934000000060e+08
2.091525115999999940e+08
2.091510165999999940e+08
2.091510165999999940e+08
2.090928540000000000e+08
2.089869085999999940e+08
2.089869085999999940e+08
2.085960398000000119e+08
2.084230414000000060e+08
2.083313135999999940e+08
2.083049914000000060e+08
2.081028114000000060e+08
2.080297354000000060e+08
2.078879110000000000e+08
2.076744458000000119e+08
2.071893040000000000e+08
2.071787908000000119e+08
2.070064531999999881e+08
2.070064531999999881e+08
2.068099505999999940e+08
2.067826834000000060e+08
2.067491928000000119e+08
2.067367848000000119e+08
2.067144348000000119e+08
2.066431038000000119e+08
2.066356164000000060e+08
2.065613590000000000e+08
2.065421044000000060e+08
2.064683055999999940e+08
2.064314030000000000e+08
2.064226931999999881e+08
2.064226931999999881e+08
2.064226931999999881e+08
2.063629671999999881e+08
2.063490098000000119e+08
2.062785851999999881e+08
2.062673048000000119e+08
2.062626431999999881e+08
2.062580110000000000e+08
2.062232480000000000e+08
2.062135865999999940e+08
2.062135865999999940e+08
2.062135865999999940e+08
2.061979541999999881e+08
2.061979541999999881e+08
2.061850770000000000e+08
2.061250328000000119e+08
2.060928494000000060e+08
2.060928494000000060e+08
2.060720240000000000e+08
2.060583475999999940e+08
2.060583475999999940e+08
2.060583475999999940e+08
2.060583475999999940e+08
2.060583475999999940e+08
2.060583475999999940e+08
2.060415985999999940e+08
2.060410190000000000e+08
2.060410190000000000e+08
2.060318908000000119e+08
2.060264355999999940e+08
2.060239484000000060e+08
2.060239484000000060e+08
2.059403091999999881e+08
2.059367990000000000e+08
2.059307101999999881e+08
2.059307101999999881e+08
2.058971815999999940e+08
2.058787760000000000e+08
2.058787760000000000e+08
2.058770390000000000e+08
2.058721228000000119e+08
2.058580064000000060e+08
2.058580064000000060e+08
2.058580064000000060e+08
2.058580064000000060e+08
2.058568681999999881e+08
2.058564258000000119e+08
2.058522640000000000e+08
2.058432240000000000e+08
2.058432240000000000e+08
2.058432240000000000e+08
2.058324531999999881e+08
2.058324531999999881e+08
2.058324531999999881e+08
2.058281324000000060e+08
2.058265310000000000e+08
2.058265310000000000e+08
2.058251610000000000e+08
2.058251610000000000e+08
2.058251610000000000e+08
2.058251610000000000e+08
2.058251610000000000e+08
2.058247484000000060e+08
2.058247484000000060e+08
2.058247484000000060e+08
2.058247484000000060e+08
2.058175780000000000e+08
2.058175780000000000e+08
2.058175780000000000e+08
2.058175780000000000e+08
2.058175780000000000e+08
2.058175780000000000e+08
2.058175780000000000e+08
2.058175780000000000e+08
2.058175780000000000e+08
2.058170680000000000e+08
2.058129408000000119e+08
2.058129408000000119e+08
2.058129408000000119e+08
2.058129408000000119e+08
2.058129408000000119e+08
2.058129408000000119e+08
2.058129408000000119e+08
2.058129225999999940e+08
2.058129225999999940e+08
2.058129225999999940e+08
2.058129225999999940e+08
2.058097300000000000e+08
2.058097300000000000e+08
2.058097300000000000e+08
2.058097275999999940e+08
2.058091314000000060e+08
2.058033431999999881e+08
2.058033431999999881e+08
2.057925724000000060e+08
2.057925724000000060e+08
2.057925724000000060e+08
2.057925724000000060e+08
2.057925724000000060e+08
2.057925724000000060e+08
2.057923088000000119e+08
2.057923088000000119e+08
2.057920155999999940e+08
2.057909360000000000e+08
2.057909360000000000e+08
2.057909360000000000e+08
2.057909360000000000e+08
2.057909360000000000e+08
2.057909360000000000e+08
2.057909360000000000e+08
2.057909360000000000e+08
2.057909360000000000e+08
2.057909360000000000e+08
2.057900515999999940e+08
2.057900515999999940e+08
2.057900515999999940e+08
2.057900515999999940e+08
2.057841120000000000e+08
2.057841120000000000e+08
2.057841120000000000e+08
2.057841120000000000e+08
2.057841120000000000e+08
2.057841120000000000e+08
2.057841120000000000e+08
2.057841120000000000e+08
2.057841120000000000e+08
2.057841120000000000e+08
2.057841120000000000e+08
2.057841120000000000e+08
2.057841120000000000e+08
2.057839614000000060e+08
2.057839614000000060e+08
2.057839614000000060e+08
2.057839614000000060e+08
2.057839614000000060e+08
2.057839614000000060e+08
2.057839614000000060e+08
2.057825914000000060e+08
2.057825914000000060e+08
2.057825914000000060e+08
2.057825914000000060e+08
2.057825914000000060e+08
2.057825914000000060e+08
2.057825914000000060e+08
2.057825914000000060e+08
2.057825914000000060e+08
2.057825914000000060e+08
2.057825914000000060e+08
2.057788454000000060e+08
2.057788454000000060e+08
2.057788454000000060e+08
2.057788454000000060e+08
2.057788454000000060e+08
2.057788454000000060e+08
2.057788454000000060e+08
2.057788454000000060e+08
2.057788454000000060e+08
2.057788454000000060e+08
2.057788454000000060e+08
2.057788454000000060e+08
2.057788454000000060e+08
2.057788454000000060e+08
2.057788454000000060e+08
2.057788454000000060e+08
2.057788454000000060e+08
2.057788454000000060e+08
2.057788454000000060e+08
2.057788454000000060e+08
2.057788454000000060e+08
2.057788430000000000e+08
2.057788430000000000e+08
2.057788430000000000e+08
2.057788430000000000e+08
2.057788430000000000e+08
2.057788430000000000e+08
2.057788430000000000e+08
2.057788430000000000e+08
2.057788430000000000e+08
2.057788430000000000e+08
2.057788430000000000e+08
2.057788430000000000e+08
2.057788430000000000e+08
2.057788430000000000e+08
2.057788430000000000e+08
2.057788430000000000e+08
2.057788430000000000e+08
2.057788430000000000e+08
2.057788430000000000e+08
2.057788430000000000e+08
2.057788430000000000e+08
2.057788430000000000e+08
2.057788430000000000e+08
2.057788430000000000e+08
2.057788430000000000e+08
2.057788430000000000e+08
2.057788430000000000e+08
2.057788430000000000e+08
2.057788430000000000e+08
2.057788430000000000e+08
2.057788430000000000e+08
2.057783330000000000e+08
2.057783330000000000e+08
2.057783330000000000e+08
2.057783330000000000e+08
2.057783330000000000e+08
2.057778230000000000e+08
2.057778230000000000e+08
2.057778230000000000e+08
2.057778230000000000e+08
2.057778230000000000e+08
2.057778230000000000e+08
2.057778230000000000e+08
2.057778230000000000e+08
2.057778230000000000e+08
2.057778230000000000e+08
2.057778230000000000e+08
2.057778230000000000e+08
