1.650691676799999952e+09
1.490917592799999952e+09
1.487186146799999952e+09
1.432341536400000095e+09
1.389501250000000000e+09
1.344568905200000048e+09
1.331967684000000000e+09
1.322041874400000095e+09
1.298668507200000048e+09
1.298556999599999905e+09
1.285709892000000000e+09
1.268357331599999905e+09
1.256308628400000095e+09
1.247194343599999905e+09
1.228176021200000048e+09
1.220545626799999952e+09
1.214627585599999905e+09
1.207401782400000095e+09
1.203099704000000000e+09
1.197947074400000095e+09
1.194212799200000048e+09
1.192642122000000000e+09
1.183915527599999905e+09
1.183876921599999905e+09
1.177628608799999952e+09
1.177628608799999952e+09
1.171750611200000048e+09
1.165744130400000095e+09
1.162953838000000000e+09
1.158799042000000000e+09
1.151369436000000000e+09
1.148306546000000000e+09
1.148306546000000000e+09
1.145929715599999905e+09
1.145929715599999905e+09
1.142632683200000048e+09
1.140374818799999952e+09
1.137802221599999905e+09
1.133809509599999905e+09
1.132794346000000000e+09
1.132302282799999952e+09
1.127417484799999952e+09
1.126888044000000000e+09
1.122955525599999905e+09
1.122555333200000048e+09
1.121451536799999952e+09
1.120207619200000048e+09
1.120207619200000048e+09
1.118683855599999905e+09
1.117602374799999952e+09
1.116955481599999905e+09
1.114014533599999905e+09
1.113617612000000000e+09
1.112840139599999905e+09
1.112180686799999952e+09
1.112043209599999905e+09
1.110930170000000000e+09
1.109211917200000048e+09
1.108589258000000000e+09
1.107042285200000048e+09
1.105961483599999905e+09
1.104894796400000095e+09
1.104780650000000000e+09
1.103664053200000048e+09
1.102255439599999905e+09
1.100743327200000048e+09
1.099847112400000095e+09
1.099691955200000048e+09
1.098632304000000000e+09
1.097399553200000048e+09
1.097256941200000048e+09
1.096399081599999905e+09
1.095273075200000048e+09
1.093514638799999952e+09
1.091957840400000095e+09
1.090481841599999905e+09
1.089985806000000000e+09
1.088974631200000048e+09
1.088923546400000095e+09
1.088196520400000095e+09
1.087464635599999905e+09
1.087464635599999905e+09
1.087164528000000000e+09
1.087053290400000095e+09
1.086542504400000095e+09
1.085427534799999952e+09
1.085228139200000048e+09
1.084829346799999952e+09
1.083672428000000000e+09
1.083514738400000095e+09
1.083429670000000000e+09
1.082969651599999905e+09
1.082571267599999905e+09
1.082385510799999952e+09
1.081661658400000095e+09
1.081537170799999952e+09
1.081327213599999905e+09
1.081276602799999952e+09
1.081037311599999905e+09
1.080412797200000048e+09
1.079967052400000095e+09
1.079664248000000000e+09
1.079640307200000048e+09
1.079122708400000095e+09
1.078691241200000048e+09
1.078495910799999952e+09
1.078273656400000095e+09
1.078273656400000095e+09
1.077999572000000000e+09
1.077676154799999952e+09
1.077230667599999905e+09
1.077208454400000095e+09
1.076987642000000000e+09
1.076934422000000000e+09
1.076899162000000000e+09
1.076747609599999905e+09
1.076360373599999905e+09
1.076310272000000000e+09
1.076221242400000095e+09
1.076221242400000095e+09
1.075921657200000048e+09
1.075810756400000095e+09
1.075744962000000000e+09
1.075698786799999952e+09
1.075684113200000048e+09
1.075566986400000095e+09
1.075267974000000000e+09
1.075135780400000095e+09
1.075114232400000095e+09
1.075108610799999952e+09
1.074987456000000000e+09
1.074769680000000000e+09
1.074623869599999905e+09
1.074462914000000000e+09
1.074439175599999905e+09
1.074362393200000048e+09
1.074279340400000095e+09
1.074200456799999952e+09
1.073858906000000000e+09
1.073818364000000000e+09
1.073788122799999952e+09
1.073788122799999952e+09
1.073741312000000000e+09
1.073704482399999976e+09
1.073537421600000024e+09
1.073528950399999976e+09
1.073528950399999976e+09
1.073400692000000000e+09
1.073274662000000000e+09
1.073274662000000000e+09
1.073075057600000024e+09
1.073065788799999952e+09
1.072945452399999976e+09
1.072864678399999976e+09
1.072859705600000024e+09
1.072851276799999952e+09
1.072757190799999952e+09
1.072642244000000000e+09
1.072553402000000000e+09
1.072511294399999976e+09
1.072500190799999952e+09
1.072401723600000024e+09
1.072366788399999976e+09
1.072315758000000000e+09
1.072264307200000048e+09
1.072188022399999976e+09
1.072131048000000000e+09
1.072058100000000000e+09
1.072058100000000000e+09
1.072039947600000024e+09
1.071926603600000024e+09
1.071829436399999976e+09
1.071760564799999952e+09
1.071677925200000048e+09
1.071677925200000048e+09
1.071652038399999976e+09
1.071454272799999952e+09
1.071454272799999952e+09
1.071369624000000000e+09
1.071178837200000048e+09
1.071178150799999952e+09
1.071172468000000000e+09
1.071063770000000000e+09
1.071054200799999952e+09
1.070973266799999952e+09
1.070948552399999976e+09
1.070838229200000048e+09
1.070832006000000000e+09
1.070813454399999976e+09
1.070801730399999976e+09
1.070760236000000000e+09
1.070525134399999976e+09
1.070508206000000000e+09
1.070503428000000000e+09
1.070371786000000000e+09
1.070337547200000048e+09
1.070250398799999952e+09
1.070227982399999976e+09
1.070227982399999976e+09
1.070197884799999952e+09
1.070178225200000048e+09
1.070178225200000048e+09
1.070148616399999976e+09
1.070094441600000024e+09
1.070094441600000024e+09
1.070085160399999976e+09
1.070049670399999976e+09
1.070049670399999976e+09
1.070029044399999976e+09
1.069990177200000048e+09
1.069990177200000048e+09
1.069925239200000048e+09
1.069913017200000048e+09
1.069837776000000000e+09
1.069832621200000048e+09
1.069832621200000048e+09
1.069680181600000024e+09
1.069642302399999976e+09
1.069571614000000000e+09
1.069526655200000048e+09
1.069511743600000024e+09
1.069451191600000024e+09
1.069401313600000024e+09
1.069333612000000000e+09
1.069311417600000024e+09
1.069277817600000024e+09
1.069263269600000024e+09
1.069261379600000024e+09
1.069223386399999976e+09
1.069179266000000000e+09
1.069137634799999952e+09
1.069137634799999952e+09
1.069119472799999952e+09
1.069100529600000024e+09
1.069021985200000048e+09
1.068978446000000000e+09
1.068910743600000024e+09
1.068910743600000024e+09
1.068831310799999952e+09
1.068816001600000024e+09
1.068816001600000024e+09
1.068812491600000024e+09
1.068768479600000024e+09
1.068768479600000024e+09
1.068768479600000024e+09
1.068741866399999976e+09
1.068741204000000000e+09
1.068698500399999976e+09
1.068698500399999976e+09
1.068698500399999976e+09
1.068678745200000048e+09
1.068659922000000000e+09
1.068631514399999976e+09
1.068631514399999976e+09
1.068631514399999976e+09
1.068626429600000024e+09
1.068620221600000024e+09
1.068620221600000024e+09
1.068611796399999976e+09
1.068561947600000024e+09
1.068556862799999952e+09
1.068501182000000000e+09
1.068493882799999952e+09
1.068482703200000048e+09
1.068477618399999976e+09
1.068452832799999952e+09
1.068445200000000000e+09
1.068445200000000000e+09
1.068430086799999952e+09
1.068408778000000000e+09
1.068401149600000024e+09
1.068401149600000024e+09
1.068385318399999976e+09
1.068352704399999976e+09
1.068352704399999976e+09
1.068350192799999952e+09
1.068316355200000048e+09
1.068309609200000048e+09
1.068291417600000024e+09
1.068283575600000024e+09
1.068279584399999976e+09
1.068268814799999952e+09
1.068268814799999952e+09
1.068264484000000000e+09
1.068256230000000000e+09
1.068255782799999952e+09
1.068255722399999976e+09
1.068255722399999976e+09
1.068255722399999976e+09
1.068255722399999976e+09
1.068246683200000048e+09
1.068240880399999976e+09
1.068240880399999976e+09
1.068239374799999952e+09
1.068239374799999952e+09
1.068239374799999952e+09
1.068233572000000000e+09
1.068233572000000000e+09
1.068228735200000048e+09
1.068228735200000048e+09
1.068214673600000024e+09
