2.916181571999999881e+08
2.719782490000000000e+08
2.523489141999999881e+08
2.488065415999999940e+08
2.382835531999999881e+08
2.221153194000000060e+08
2.190681448000000119e+08
2.123282324000000060e+08
2.070447715999999940e+08
2.019432771999999881e+08
1.903646645999999940e+08
1.828430770000000000e+08
1.749084031999999881e+08
1.711598254000000060e+08
1.670482928000000119e+08
1.663187105999999940e+08
1.623698140000000000e+08
1.614827835999999940e+08
1.596022620000000000e+08
1.581682345999999940e+08
1.563555378000000119e+08
1.525297008000000119e+08
1.508190961999999881e+08
1.497153840000000000e+08
1.483976810000000000e+08
1.463871638000000119e+08
1.459091661999999881e+08
1.454993040000000000e+08
1.445662270000000000e+08
1.444367150000000000e+08
1.440451481999999881e+08
1.435255738000000119e+08
1.429899505999999940e+08
1.423117678000000119e+08
1.409853664000000060e+08
1.408496254000000060e+08
1.401360918000000119e+08
1.398613254000000060e+08
1.398468564000000060e+08
1.386591738000000119e+08
1.384782241999999881e+08
1.367825944000000060e+08
1.365613044000000060e+08
1.362954428000000119e+08
1.359446708000000119e+08
1.357769818000000119e+08
1.355052421999999881e+08
1.351115485999999940e+08
1.343331121999999881e+08
1.342769955999999940e+08
1.342448561999999881e+08
1.342131650000000000e+08
1.342131650000000000e+08
1.337725097999999970e+08
1.336320832000000030e+08
1.336320832000000030e+08
1.328213734000000060e+08
1.325023937999999970e+08
1.322748852000000030e+08
1.320292490000000000e+08
1.318521654000000060e+08
1.312179892000000030e+08
1.309821775999999940e+08
1.302275465999999940e+08
1.300043407999999970e+08
1.297687434000000060e+08
1.295017857999999970e+08
1.293053444000000060e+08
1.290081237999999970e+08
1.289688004000000060e+08
1.286918875999999940e+08
1.283932577999999970e+08
1.283472392000000030e+08
1.280246520000000000e+08
1.277077095999999940e+08
1.277077095999999940e+08
1.275650507999999970e+08
1.273779492000000030e+08
1.272408795999999940e+08
1.272023090000000000e+08
1.270087135999999940e+08
1.267497127999999970e+08
1.267212070000000000e+08
1.266880124000000060e+08
1.265871704000000060e+08
1.264860645999999940e+08
1.264364737999999970e+08
1.264258985999999940e+08
1.264258985999999940e+08
1.264230220000000000e+08
1.264197635999999940e+08
1.263925192000000030e+08
1.263437875999999940e+08
1.263056422000000030e+08
1.261495550000000000e+08
1.261165852000000030e+08
1.260185310000000000e+08
1.259827817999999970e+08
1.258659390000000000e+08
1.258295705999999940e+08
1.256582357999999970e+08
1.256014945999999940e+08
1.255843200000000000e+08
1.255757355999999940e+08
1.255082592000000030e+08
1.255068027999999970e+08
1.253744032000000030e+08
1.253718884000000060e+08
1.253470787999999970e+08
1.253470787999999970e+08
1.253470787999999970e+08
1.253175444000000060e+08
1.253092012000000030e+08
1.252974254000000060e+08
1.252512345999999940e+08
1.251953984000000060e+08
1.251953984000000060e+08
1.251909590000000000e+08
1.251909590000000000e+08
1.251816757999999970e+08
1.251586524000000060e+08
1.251419680000000000e+08
1.251419680000000000e+08
1.250920400000000000e+08
1.250900325999999940e+08
1.250429935999999940e+08
1.250411735999999940e+08
1.250057867999999970e+08
1.250002727999999970e+08
1.249786784000000060e+08
1.249775990000000000e+08
1.249478160000000000e+08
1.249438740000000000e+08
1.249329594000000060e+08
1.249213920000000000e+08
1.249030030000000000e+08
1.248901502000000030e+08
1.248667424000000060e+08
1.248589742000000030e+08
1.248546530000000000e+08
1.248310574000000060e+08
1.248234262000000030e+08
1.247177907999999970e+08
1.247143764000000060e+08
1.247104067999999970e+08
1.247030207999999970e+08
1.247030207999999970e+08
1.246953115999999940e+08
1.246740750000000000e+08
1.246659447999999970e+08
1.246344322000000030e+08
1.246145437999999970e+08
1.246141587999999970e+08
1.246032720000000000e+08
1.245545035999999940e+08
1.245500175999999940e+08
1.245482032000000030e+08
1.245339972000000030e+08
1.245305130000000000e+08
1.244862030000000000e+08
1.244658227999999970e+08
1.244609475999999940e+08
1.244400970000000000e+08
1.244283902000000030e+08
1.244238884000000060e+08
1.244194502000000030e+08
1.244193802000000030e+08
1.244126602000000030e+08
1.244066412000000030e+08
1.243921482000000030e+08
1.243858467999999970e+08
1.243714500000000000e+08
1.243566937999999970e+08
1.243526810000000000e+08
1.243526810000000000e+08
1.243487465999999940e+08
1.243457162000000030e+08
1.243217675999999940e+08
1.243060424000000060e+08
1.243060424000000060e+08
1.242998954000000060e+08
1.242936125999999940e+08
1.242851330000000000e+08
1.242851330000000000e+08
1.242383724000000060e+08
1.242383724000000060e+08
1.242236437999999970e+08
1.242229857999999970e+08
1.242215135999999940e+08
1.242214894000000060e+08
1.242143315999999940e+08
1.242031452000000030e+08
1.242030717999999970e+08
1.241965427999999970e+08
1.241855214000000060e+08
1.241841997999999970e+08
1.241826542000000030e+08
1.241819837999999970e+08
1.241811740000000000e+08
1.241707685999999940e+08
1.241699540000000000e+08
1.241699540000000000e+08
1.241425052000000030e+08
1.241376704000000060e+08
1.241215007999999970e+08
1.241207644000000060e+08
1.241207644000000060e+08
1.241127194000000060e+08
1.241100065999999940e+08
1.241089030000000000e+08
1.241047240000000000e+08
1.241042114000000060e+08
1.240995497999999970e+08
1.240928592000000030e+08
1.240919937999999970e+08
1.240880054000000060e+08
1.240837620000000000e+08
1.240837620000000000e+08
1.240833155999999940e+08
1.240826265999999940e+08
1.240822765999999940e+08
1.240822765999999940e+08
1.240766915999999940e+08
1.240755030000000000e+08
1.240755030000000000e+08
1.240749332000000030e+08
1.240724194000000060e+08
1.240657845999999940e+08
1.240657845999999940e+08
1.240654050000000000e+08
1.240590535999999940e+08
1.240504455999999940e+08
1.240504455999999940e+08
1.240504455999999940e+08
1.240361200000000000e+08
1.240310702000000030e+08
1.240310702000000030e+08
1.240310592000000030e+08
1.240289350000000000e+08
1.240230872000000030e+08
1.240202494000000060e+08
1.240186200000000000e+08
1.240186200000000000e+08
1.240176674000000060e+08
1.240165920000000000e+08
1.239990070000000000e+08
1.239990070000000000e+08
1.239979312000000030e+08
1.239961654000000060e+08
1.239961654000000060e+08
1.239937594000000060e+08
1.239937594000000060e+08
1.239930850000000000e+08
1.239906770000000000e+08
1.239906770000000000e+08
1.239882447999999970e+08
1.239881485999999940e+08
1.239780944000000060e+08
1.239780944000000060e+08
1.239748940000000000e+08
1.239748940000000000e+08
1.239729325999999940e+08
1.239718065999999940e+08
1.239696042000000030e+08
1.239696042000000030e+08
1.239696042000000030e+08
1.239453042000000030e+08
1.239445262000000030e+08
1.239434570000000000e+08
1.239434570000000000e+08
1.239434570000000000e+08
1.239434570000000000e+08
1.239388675999999940e+08
1.239364624000000060e+08
1.239364624000000060e+08
1.239329457999999970e+08
1.239317120000000000e+08
1.239315610000000000e+08
1.239272595999999940e+08
1.239262992000000030e+08
1.239260895999999940e+08
1.239242774000000060e+08
1.239233662000000030e+08
1.239226535999999940e+08
1.239226535999999940e+08
1.239215500000000000e+08
1.239215500000000000e+08
1.239202582000000030e+08
1.239194294000000060e+08
1.239164160000000000e+08
1.239164160000000000e+08
1.239164160000000000e+08
1.239143402000000030e+08
1.239143402000000030e+08
1.239143402000000030e+08
1.239143402000000030e+08
1.239143402000000030e+08
1.239134160000000000e+08
1.239133040000000000e+08
1.239133040000000000e+08
1.239133040000000000e+08
