8.154620356000000238e+08
7.499150303999999762e+08
7.047442952000000477e+08
6.742931276000000238e+08
6.322846316000000238e+08
6.258183447999999523e+08
6.057018167999999523e+08
6.016155000000000000e+08
5.915168052000000477e+08
5.637346736000000238e+08
5.549240620000000000e+08
5.364846063999999762e+08
5.204113256000000238e+08
5.089080880000000000e+08
5.055173080000000000e+08
4.986144640000000000e+08
4.931098031999999881e+08
4.869073531999999881e+08
4.868742243999999762e+08
4.831613268000000119e+08
4.806069191999999881e+08
4.673886140000000000e+08
4.657168271999999881e+08
4.561780823999999762e+08
4.559233916000000238e+08
4.552851948000000119e+08
4.551185088000000119e+08
4.544679868000000119e+08
4.531664036000000238e+08
4.510822356000000238e+08
4.492232788000000119e+08
4.473066303999999762e+08
4.460523160000000000e+08
4.424062340000000000e+08
4.403697496000000238e+08
4.392655263999999762e+08
4.384720571999999881e+08
4.382102803999999762e+08
4.381304308000000119e+08
4.356214083999999762e+08
4.352911731999999881e+08
4.345016348000000119e+08
4.345016348000000119e+08
4.345016348000000119e+08
4.335875036000000238e+08
4.335875036000000238e+08
4.332549240000000000e+08
4.328609420000000000e+08
4.326053920000000000e+08
4.311440763999999762e+08
4.306387203999999762e+08
4.306387203999999762e+08
4.304061940000000000e+08
4.297546103999999762e+08
4.292725296000000238e+08
4.288530323999999762e+08
4.277135900000000000e+08
4.277135900000000000e+08
4.276444131999999881e+08
4.275989843999999762e+08
4.258583063999999762e+08
4.254726188000000119e+08
4.249179711999999881e+08
4.246553723999999762e+08
4.239512868000000119e+08
4.232410251999999881e+08
4.222435043999999762e+08
4.217505803999999762e+08
4.211994871999999881e+08
4.205316196000000238e+08
4.199676268000000119e+08
4.187633260000000000e+08
4.184596351999999881e+08
4.183276340000000000e+08
4.181415928000000119e+08
4.179451091999999881e+08
4.171192236000000238e+08
4.168782491999999881e+08
4.168123388000000119e+08
4.164910600000000000e+08
4.161580280000000000e+08
4.159465960000000000e+08
4.152131428000000119e+08
4.148273680000000000e+08
4.144900091999999881e+08
4.137350431999999881e+08
4.134506288000000119e+08
4.133233151999999881e+08
4.128648236000000238e+08
4.123215776000000238e+08
4.114687331999999881e+08
4.114687331999999881e+08
4.111964236000000238e+08
4.109935988000000119e+08
4.105112391999999881e+08
4.105021463999999762e+08
4.104613200000000000e+08
4.102390883999999762e+08
4.099174460000000000e+08
4.095995916000000238e+08
4.094007283999999762e+08
4.094007283999999762e+08
4.090082651999999881e+08
4.087242948000000119e+08
4.083994208000000119e+08
4.080638928000000119e+08
4.080524828000000119e+08
4.076149828000000119e+08
4.075318143999999762e+08
4.073365848000000119e+08
4.072728451999999881e+08
4.070506996000000238e+08
4.067358683999999762e+08
4.066908320000000000e+08
4.066580691999999881e+08
4.066580691999999881e+08
4.064749051999999881e+08
4.062637331999999881e+08
4.060235031999999881e+08
4.060235031999999881e+08
4.059184963999999762e+08
4.058641620000000000e+08
4.055871631999999881e+08
4.055410731999999881e+08
4.053128556000000238e+08
4.052300863999999762e+08
4.052111028000000119e+08
4.050881863999999762e+08
4.050540536000000238e+08
4.050540536000000238e+08
4.050218231999999881e+08
4.050118343999999762e+08
4.048809983999999762e+08
4.048457896000000238e+08
4.046402796000000238e+08
4.046302371999999881e+08
4.046009691999999881e+08
4.045796531999999881e+08
4.044732660000000000e+08
4.044225928000000119e+08
4.044125503999999762e+08
4.042450776000000238e+08
4.042221556000000238e+08
4.041891676000000238e+08
4.041625611999999881e+08
4.041625611999999881e+08
4.041625611999999881e+08
4.038756648000000119e+08
4.037666000000000000e+08
4.037106143999999762e+08
4.036865011999999881e+08
4.036714488000000119e+08
4.036714488000000119e+08
4.036416276000000238e+08
4.035818148000000119e+08
4.035237328000000119e+08
4.035009323999999762e+08
4.035009323999999762e+08
4.034484891999999881e+08
4.033338068000000119e+08
4.032547736000000238e+08
4.032048460000000000e+08
4.031637516000000238e+08
4.031039460000000000e+08
4.031039460000000000e+08
4.030522151999999881e+08
4.030522151999999881e+08
4.030362951999999881e+08
4.030284960000000000e+08
4.030284960000000000e+08
4.029519171999999881e+08
4.029514331999999881e+08
4.028890003999999762e+08
4.028890003999999762e+08
4.028890003999999762e+08
4.028750116000000238e+08
4.028750116000000238e+08
4.028115608000000119e+08
4.028115608000000119e+08
4.028115608000000119e+08
4.028049991999999881e+08
4.027987860000000000e+08
4.027460876000000238e+08
4.027295936000000238e+08
4.027162948000000119e+08
4.026854700000000000e+08
4.026642876000000238e+08
4.026536371999999881e+08
4.026323951999999881e+08
4.026098620000000000e+08
4.026072103999999762e+08
4.025761336000000238e+08
4.025530451999999881e+08
4.025530451999999881e+08
4.025462300000000000e+08
4.025270051999999881e+08
4.025150503999999762e+08
4.025150503999999762e+08
4.025139048000000119e+08
4.025036556000000238e+08
4.024974491999999881e+08
4.024974491999999881e+08
4.024923803999999762e+08
4.024905788000000119e+08
4.024905788000000119e+08
4.024807111999999881e+08
4.024649583999999762e+08
4.024606120000000000e+08
4.024343296000000238e+08
4.024343296000000238e+08
4.024262100000000000e+08
4.024262100000000000e+08
4.024079488000000119e+08
4.024079488000000119e+08
4.023883396000000238e+08
4.023883396000000238e+08
4.023848880000000000e+08
4.023775271999999881e+08
4.023676411999999881e+08
4.023034203999999762e+08
4.023034203999999762e+08
4.022889628000000119e+08
4.022790096000000238e+08
4.022551956000000238e+08
4.022529203999999762e+08
4.021906820000000000e+08
4.021818588000000119e+08
4.021537320000000000e+08
4.021425031999999881e+08
4.021193348000000119e+08
4.021110640000000000e+08
4.020859831999999881e+08
4.020673916000000238e+08
4.020614720000000000e+08
4.020597111999999881e+08
4.020597111999999881e+08
4.020287548000000119e+08
4.020127623999999762e+08
4.020127623999999762e+08
4.020038283999999762e+08
4.020038283999999762e+08
4.020038283999999762e+08
4.020038283999999762e+08
4.019996460000000000e+08
4.019996460000000000e+08
4.019996460000000000e+08
4.019996460000000000e+08
4.019996460000000000e+08
4.019825280000000000e+08
4.019825280000000000e+08
4.019825280000000000e+08
4.019779551999999881e+08
4.019741808000000119e+08
4.019690160000000000e+08
4.019690160000000000e+08
4.019679903999999762e+08
4.019679903999999762e+08
4.019679903999999762e+08
4.019679903999999762e+08
4.019679903999999762e+08
4.019634848000000119e+08
4.019526856000000238e+08
4.019510343999999762e+08
4.019440051999999881e+08
4.019388723999999762e+08
4.019258488000000119e+08
4.019120208000000119e+08
4.019114268000000119e+08
4.018912111999999881e+08
4.018880116000000238e+08
4.018880116000000238e+08
4.018866288000000119e+08
4.018820800000000000e+08
4.018794976000000238e+08
4.018794976000000238e+08
4.018719600000000000e+08
4.018681320000000000e+08
4.018681276000000238e+08
4.018667491999999881e+08
4.018527791999999881e+08
4.018487476000000238e+08
4.018449151999999881e+08
4.018449151999999881e+08
4.018395848000000119e+08
4.018395848000000119e+08
4.018395848000000119e+08
4.018395848000000119e+08
4.018395848000000119e+08
4.018324903999999762e+08
4.018324903999999762e+08
4.018324903999999762e+08
4.018324903999999762e+08
4.018324903999999762e+08
4.018250160000000000e+08
4.018250160000000000e+08
4.018250160000000000e+08
4.018250160000000000e+08
4.018250160000000000e+08
4.018250160000000000e+08
4.018250160000000000e+08
4.018250160000000000e+08
